d--178-_jpg.rf.0712ba83cdcd1f166c7d07f3556aebf5.jpg 7,179,17,196,1 16,187,25,201,1 24,178,33,192,1 39,160,52,175,1 50,119,64,133,1 92,102,102,110,1 99,105,108,119,1 89,107,97,120,1 92,114,105,127,1 115,89,130,105,1 124,71,135,86,1 131,98,142,112,1 160,52,175,70,1 163,19,181,35,1 202,159,215,178,1 197,169,204,184,1 189,164,199,178,1 181,170,188,181,1 200,321,214,340,1 213,320,222,336,1 176,247,185,260,1 360,150,374,168,1 334,188,343,198,1 344,193,351,202,1 350,197,358,206,1 342,203,350,214,1 336,197,344,206,1 350,206,356,218,1 0,71,89,129,0 148,13,237,64,0 230,38,322,67,0 150,22,381,157,0 315,93,416,158,0 163,144,243,300,0 175,181,384,275,0 232,315,359,385,0
20211028_082550_026_jpg.rf.07873b8a08b632b0e247fd9ade288bf9.jpg 43,63,270,138,0 146,112,323,176,0 158,170,251,240,0 251,186,298,272,0 222,262,296,336,0 268,134,354,243,0 323,228,410,341,0
d--147-_jpg.rf.0c651577b4b1733d57fe69b1e50a401c.jpg 34,52,61,76,1 82,97,107,130,1 2,310,16,323,1 13,316,20,334,1 3,323,12,335,1 60,353,71,368,1 69,354,79,371,1 65,276,79,291,1 56,284,68,296,1 63,291,74,307,1 181,135,295,200,0 284,178,375,298,0 306,0,410,153,0 113,15,337,141,0 22,174,269,307,0 119,326,265,373,0
d--153-_jpg.rf.0da52424c0e0728feefd75c1ade5afe3.jpg 79,21,91,33,1 74,15,81,28,1 67,23,75,35,1 154,65,173,85,1 182,48,190,68,1 185,19,194,30,1 193,26,206,43,1 213,128,227,146,1 195,168,208,179,1 148,113,162,134,1 333,114,344,132,1 330,165,347,189,1 331,218,350,243,1 299,195,313,210,1 261,209,273,227,1 286,168,302,179,1 291,181,296,192,1 282,176,291,191,1 6,285,16,301,1 82,179,203,265,0 193,45,399,252,0 171,2,383,40,0 215,227,345,295,0 161,231,237,347,0 211,300,305,399,0 129,278,207,403,0 0,318,180,410,0
20211028_082618_010_jpg.rf.1ed6e4ab7d5a0ae03c67e60768406fea.jpg 267,80,276,90,1 284,72,291,80,1 284,80,290,88,1 277,165,283,174,1 313,172,319,180,1 309,175,314,183,1 286,172,291,182,1 281,177,285,186,1 115,61,128,73,1 123,312,132,324,1 129,322,134,330,1 134,324,139,333,1 79,342,88,355,1 110,193,278,340,0 94,206,138,314,0 262,99,322,183,0 154,139,302,279,0 112,155,189,232,0 126,111,205,227,0 170,136,248,181,0 149,94,237,155,0 55,315,68,331,1 61,354,77,367,1
20211028_082625_008_jpg.rf.20a2383e4135857b6c8c8eb875306353.jpg 14,200,26,216,1 152,93,163,111,1 104,101,121,121,1 240,128,250,140,1 251,144,256,154,1 243,143,250,152,1 272,157,279,167,1 280,160,285,171,1 264,35,273,44,1 281,42,288,52,1 289,35,297,44,1 52,225,62,238,1 53,239,61,249,1 56,247,63,256,1 118,280,199,337,0 120,175,208,276,0 122,117,197,283,0 225,154,385,374,0 201,72,267,171,0 172,40,225,193,0 60,18,192,271,0
d--152-_jpg.rf.1b48598aa049f6f3fe2bae8d90bd86e3.jpg 52,18,64,36,1 60,22,73,36,1 69,29,78,45,1 146,24,163,40,1 166,15,186,35,1 163,47,178,65,1 150,126,166,146,1 191,151,204,167,1 202,102,219,116,1 267,208,283,230,1 286,176,302,193,1 336,197,350,218,1 314,145,328,168,1 316,90,326,106,1 268,150,279,164,1 275,162,282,175,1 268,162,276,174,1 0,291,19,310,1 74,184,177,253,0 189,79,386,222,0 206,233,313,284,0 149,183,204,293,0 211,281,309,382,0 112,265,206,384,0 1,322,164,400,0
20211028_082644_021_jpg.rf.138992476abfd54ca5a81dcc1f730c02.jpg 122,19,164,200,0 19,12,131,64,0 57,35,153,118,0 97,0,321,209,0 172,0,374,59,0
d--51-_jpg.rf.14bcbd494f3377d8435e917e5f197e43.jpg 305,4,311,12,1 298,3,305,11,1 290,15,298,24,1 296,23,302,31,1 269,33,275,42,1 263,32,269,39,1 264,39,271,47,1 259,42,264,50,1 263,48,269,56,1 284,88,291,97,1 285,80,291,88,1 291,78,298,86,1 302,108,309,115,1 298,112,303,120,1 304,116,310,124,1 248,151,254,159,1 255,153,260,163,1 253,163,258,172,1 245,160,253,168,1 248,169,254,177,1 244,167,248,173,1 359,112,364,119,1 352,111,359,119,1 350,118,356,125,1 357,119,362,126,1 346,124,352,131,1 352,126,359,133,1 359,127,363,133,1 347,131,353,138,1 354,134,360,140,1 350,138,356,145,1 344,138,349,145,1 355,140,361,147,1 351,146,357,154,1 345,144,351,151,1 337,168,342,175,1 343,167,349,174,1 340,175,346,182,1 346,175,352,182,1 342,182,349,188,1 348,182,354,189,1 352,176,357,183,1 357,176,365,184,1 354,184,360,192,1 359,190,364,196,1 361,182,367,189,1 362,198,369,206,1 363,190,369,198,1 367,186,374,192,1 372,181,378,188,1 373,189,379,197,1 370,194,375,201,1 369,201,376,209,1 375,197,381,203,1 244,274,251,284,1 186,269,195,278,1 187,279,195,285,1 222,300,228,309,1 228,302,232,310,1 231,296,237,305,1 240,301,245,308,1 232,306,238,313,1 208,316,212,323,1 199,318,204,325,1 205,393,212,401,1 200,402,210,411,1 50,0,57,6,1
20211028_082644_007_jpg.rf.0d51890dd3d97a6ef67ab2616b6e6d66.jpg 141,32,285,137,0 347,4,416,176,0 299,5,415,124,0 294,36,337,138,0 372,173,405,197,1 336,226,364,253,1
20211028_082618_029_jpg.rf.1c275ba3583938ae5345a06881dac575.jpg 92,136,115,162,1 165,98,188,117,1 273,133,289,148,1 282,150,304,167,1 50,0,111,139,0 22,288,135,365,0 190,120,265,249,0 151,151,227,264,0 211,101,277,193,0 107,11,311,126,0 298,82,416,398,0
20211028_082650_009_jpg.rf.21cb395c3026fb2389d06dbc257737ce.jpg 201,200,402,386,0 186,234,197,262,1 156,289,167,306,1 144,289,157,303,1 320,136,332,159,1 371,109,389,136,1 265,49,344,123,0 206,29,319,146,0 152,74,265,159,0 184,134,310,252,0 271,7,416,159,0
20211028_082650_011_jpg.rf.18e8cd0a536724468885d92c0b416258.jpg 115,213,147,236,1 79,268,112,291,1 133,248,220,281,0 145,162,366,345,0 137,121,221,235,0 127,55,231,132,0 185,22,283,125,0 226,0,399,135,0 354,0,414,86,0
20211028_082625_003_jpg.rf.242088d1cb83c252b96689a4611e1568.jpg 253,42,264,59,1 232,143,241,151,1 236,155,242,165,1 242,156,248,166,1 264,165,274,177,1 274,171,284,188,1 145,108,162,125,1 95,116,109,131,1 83,197,203,289,0 140,158,260,214,0 50,39,186,249,0 166,64,221,200,0 197,200,386,374,0 236,72,323,135,0 273,51,282,59,1 277,42,286,54,1 26,258,39,268,1 29,268,37,278,1 31,276,41,286,1 154,275,191,382,0
20211028_082625_002_jpg.rf.23c1aee184192d88bd2f3cfc2961496b.jpg 19,266,32,278,1 23,276,32,284,1 27,285,34,293,1 150,283,204,388,0 93,203,190,281,0 164,85,214,206,0 164,156,271,221,0 244,73,339,170,0 171,213,383,391,0 64,3,196,241,0 246,39,265,56,1 147,110,157,124,1 95,121,105,135,1 230,142,241,155,1 235,159,241,169,1 242,157,249,167,1 273,174,280,182,1 267,171,272,180,1 272,51,280,59,1 277,42,285,52,1
20211028_082618_023_jpg.rf.152bbf850e72878778fe5bb8b3e943e7.jpg 149,211,231,301,0 182,64,336,207,0 228,0,342,117,0 284,8,393,196,0 328,131,378,238,0 278,130,416,323,0 94,233,114,260,1 108,278,126,304,1 91,280,112,308,1
d--5-_jpg.rf.166a24c3b24a983a01203f27bfccd9c9.jpg 194,137,201,141,1 207,125,216,130,1 234,126,241,130,1 259,139,267,145,1 224,134,229,137,1 221,136,226,139,1 226,138,229,142,1 229,140,233,143,1 213,142,218,147,1 227,147,231,150,1 231,146,235,150,1 237,146,243,149,1 247,154,253,159,1 212,154,218,158,1 213,158,218,162,1 176,162,180,166,1 173,166,180,171,1 194,169,199,174,1 197,174,203,178,1 211,178,219,184,1 235,186,240,190,1 243,177,252,182,1 247,190,254,197,1 263,206,271,212,1 272,229,277,234,1 290,220,295,224,1 257,242,265,248,1 247,237,254,242,1 249,257,258,264,1 249,267,255,271,1 222,253,231,258,1 228,235,235,239,1 234,232,241,237,1 197,274,204,278,1 191,278,197,283,1 210,278,218,283,1 227,270,233,274,1 231,274,237,280,1 225,283,230,287,1 221,284,226,288,1 269,299,274,305,1 277,291,283,295,1 287,288,293,293,1 291,285,295,289,1 275,285,280,289,1 270,285,275,290,1 265,291,269,296,1 260,292,264,295,1 308,272,313,277,1 300,263,306,267,1 295,268,301,272,1 289,273,293,277,1 310,238,315,242,1 311,232,317,237,1 308,233,312,237,1 304,231,308,233,1 311,205,315,209,1 307,206,312,210,1 305,206,308,209,1 313,185,317,187,1 270,274,274,277,1 267,273,269,277,1 267,278,270,280,1 262,275,266,277,1 264,272,267,275,1 261,270,265,273,1 261,273,264,276,1 285,273,288,275,1 283,272,286,275,1 281,269,285,272,1 279,272,282,275,1 276,270,279,272,1 278,268,281,271,1 278,265,281,269,1 275,268,278,270,1 273,270,277,272,1 298,248,301,251,1 301,249,304,252,1 295,249,298,253,1 298,251,301,254,1 241,227,244,230,1 237,225,241,228,1 236,222,242,225,1 236,220,238,223,1 234,219,239,222,1 239,218,243,222,1 236,217,240,219,1 235,214,239,216,1 232,212,236,216,1 231,208,236,212,1 238,202,243,205,1 239,205,244,208,1 276,162,279,165,1 270,171,273,174,1 265,171,269,175,1 261,170,266,174,1 267,186,272,189,1 269,189,272,191,1 266,190,269,192,1 265,192,268,195,1 262,189,266,192,1 259,189,263,193,1 262,193,264,196,1 276,192,281,194,1 279,194,283,197,1 286,184,289,186,1 281,184,285,186,1 283,186,287,188,1 308,159,312,163,1 305,160,308,163,1 303,158,306,162,1 299,169,303,171,1 299,166,302,168,1 303,166,306,168,1 302,169,305,171,1 297,170,300,172,1 300,171,303,173,1 304,171,308,173,1 297,173,300,175,1 294,170,298,174,1 291,169,294,173,1
20211028_082550_005_jpg.rf.24d81c8be5548eccceb9c6779b8ed0dc.jpg 52,43,271,164,0 88,108,190,216,0 107,88,249,313,0 216,177,254,299,0 239,186,277,256,0 228,174,360,212,0 265,244,375,296,0 277,288,344,353,0
20211028_082650_030_jpg.rf.1873b1b42f391e3fe7a2b1bf21b6afea.jpg 198,65,304,356,0 89,213,214,314,0 95,86,219,223,0 47,19,181,134,0 109,4,245,124,0 34,240,64,277,1
20211028_082644_003_jpg.rf.0e65dfc86774054c3c5bdd2ab3cc9d1e.jpg 319,82,416,176,0 338,112,415,247,0 199,57,370,186,0
20211028_082650_026_jpg.rf.27c0fee751196f017d700fc5e0d8cc6d.jpg 202,160,362,416,0 121,211,247,357,0 165,158,242,261,0 156,60,227,187,0 169,46,318,196,0 247,26,409,155,0 324,38,411,104,0 53,346,89,373,1 367,161,387,190,1 136,317,157,346,1
20211028_082637_018_jpg.rf.262682e8f29b9b99662e1fb2bdc4029f.jpg 313,140,331,170,1 13,80,29,110,1 163,75,268,178,0 144,124,217,267,0 0,100,131,233,0 0,56,209,179,0 13,0,78,80,0 42,93,42,94,0 124,0,320,99,0
20211028_082650_016_jpg.rf.2bca3881519e49d91b906566eb97fc0c.jpg 296,0,348,53,0 282,2,291,11,1 286,8,293,16,0 286,18,292,27,1 304,76,311,93,1 312,74,322,90,1 11,213,29,237,1 55,250,65,263,1 65,241,77,254,1 65,258,74,275,1 93,248,192,309,0 83,125,190,254,0 73,33,191,120,0 86,9,189,116,0 97,6,253,137,0 171,0,369,79,0
20211028_082550_023_jpg.rf.2b8925c58693a1f13d3a24171f7a4ec3.jpg 46,67,270,153,0 139,117,306,204,0 159,180,249,252,0 249,192,295,273,0 232,264,308,315,0 336,214,381,349,0 246,131,346,246,0
d--4-_jpg.rf.1af8a138a84f4141c5937bd936d62fa0.jpg 207,126,213,130,1 192,137,199,142,1 233,126,240,132,1 209,142,218,147,1 174,162,180,166,1 174,167,179,170,1 192,170,197,174,1 195,174,199,177,1 210,159,216,162,1 212,155,217,159,1 224,148,230,152,1 230,147,234,151,1 236,147,241,150,1 224,139,227,141,1 226,139,232,143,1 223,134,227,138,1 219,137,223,140,1 257,139,264,145,1 245,153,251,160,1 244,176,250,183,1 234,187,238,191,1 208,180,215,184,1 245,193,250,196,1 236,202,241,205,1 238,205,242,207,1 230,208,233,212,1 229,212,233,215,1 263,205,268,210,1 234,214,239,217,1 234,217,238,219,1 237,218,241,221,1 234,218,237,221,1 234,220,239,223,1 235,222,238,225,1 236,225,241,228,1 240,227,244,230,1 232,232,238,236,1 226,236,232,240,1 219,251,226,256,1 195,274,201,277,1 190,279,194,283,1 211,279,215,282,1 220,283,225,287,1 225,282,230,286,1 230,274,234,278,1 227,270,232,274,1 247,266,252,269,1 246,257,252,261,1 256,241,263,245,1 246,237,254,242,1 269,230,277,236,1 286,219,296,226,1 266,298,274,302,1 260,291,263,294,1 263,292,268,295,1 275,290,279,293,1 274,285,278,288,1 270,285,274,289,1 289,285,295,289,1 287,289,291,292,1 306,272,313,277,1 299,262,304,267,1 293,268,299,271,1 287,273,291,277,1 313,262,316,266,1 312,252,320,255,1 309,236,314,240,1 312,233,316,236,1 305,232,309,236,1 302,230,306,234,1 298,249,303,252,1 296,248,299,251,1 293,249,298,252,1 297,251,299,253,1 283,271,287,274,1 280,272,283,275,1 280,269,283,271,1 277,270,280,274,1 273,270,277,272,1 276,267,280,270,1 276,265,281,268,1 274,266,278,270,1 271,269,274,272,1 268,273,272,277,1 258,268,264,272,1 257,273,261,276,1 262,271,266,273,1 264,273,267,276,1 264,275,267,279,1 261,274,265,278,1 309,206,313,209,1 306,206,309,209,1 303,207,306,209,1 312,185,319,190,1 306,160,310,164,1 303,160,307,162,1 300,157,305,162,1 302,171,306,174,1 300,166,304,169,1 295,166,299,168,1 298,169,301,171,1 300,169,303,172,1 298,171,301,174,1 294,170,298,172,1 294,172,298,175,1 290,171,295,174,1 288,171,291,172,1 274,162,279,165,1 267,170,272,174,1 263,170,267,176,1 259,170,263,174,1 278,182,282,186,1 281,186,284,189,1 283,184,286,187,1 278,194,282,198,1 274,192,279,194,1 264,185,268,189,1 267,189,270,192,1 264,190,267,192,1 262,192,266,196,1 259,189,263,192,1 255,188,259,192,1 258,192,261,197,1 331,199,338,203,1 330,201,334,205,1 327,202,330,206,1 326,205,330,208,1 324,206,327,209,1 324,204,328,206,1 323,201,327,204,1 327,208,330,211,1 330,204,334,207,1 329,207,333,209,1 329,209,332,212,1 315,231,318,236,1 324,226,329,230,1 316,261,321,264,1 314,264,318,267,1 328,264,332,267,1 331,266,334,269,1 325,266,329,270,1 336,262,342,266,1
20211028_082637_015_jpg.rf.29817c780404918e567afedcbec0d189.jpg 159,203,246,297,0 387,208,405,239,1 385,142,415,191,1 207,146,288,212,0 213,11,362,214,0 317,51,378,130,0 25,90,248,214,0 48,173,172,272,0 80,32,159,128,0 63,0,195,47,0
20211028_082625_020_jpg.rf.30071060b5059326cc551adefa220b44.jpg 35,173,49,192,1 119,99,132,115,1 274,29,288,47,1 299,30,307,46,1 294,38,298,54,1 277,155,286,169,1 286,159,302,174,1 73,202,85,215,1 75,213,86,223,1 99,240,99,240,1 75,221,91,228,1 160,90,171,109,1 14,235,27,255,1 5,239,15,253,1 27,283,78,368,0 203,191,284,292,0 162,103,198,252,0 134,142,178,238,0 45,39,165,294,0 146,57,237,202,0 173,46,257,132,0 226,45,311,344,0
20211028_082637_008_jpg.rf.3542b38d22b22d42adaf218911a257b9.jpg 359,238,370,255,1 203,236,215,249,1 123,322,139,343,1 231,283,237,291,1 231,273,240,284,1 240,274,246,285,1 205,315,293,373,0 180,159,267,249,0 146,137,218,267,0 191,89,293,163,0 136,2,228,139,0 374,189,411,290,0 288,109,397,351,0 131,131,306,330,0
d--141-_jpg.rf.3142f9174ddfd6a6e0f42b25fbf800a6.jpg 43,87,56,108,1 251,63,267,82,1 305,28,322,48,1 320,62,328,76,1 350,11,361,29,1 367,41,382,59,1 248,0,262,16,1 232,4,244,20,1 233,20,245,36,1 219,13,230,30,1 217,155,228,179,1 249,388,264,411,1 19,178,39,200,1 96,320,108,338,1 102,335,111,345,1 107,318,120,333,1 117,391,128,416,1 128,399,138,412,1 50,390,60,403,1 39,388,51,400,1 23,306,36,325,1 111,247,120,261,1 112,258,123,271,1 108,256,115,264,1 103,258,113,275,1 97,258,106,273,1 97,270,107,281,1 86,257,98,269,1 89,269,98,285,1 21,266,30,279,1 28,271,37,288,1 21,279,30,292,1 22,288,32,299,1 10,289,25,305,1 14,301,22,317,1 0,287,7,301,1 9,346,20,360,1 0,342,11,356,1 1,355,10,369,1 8,357,19,373,1 6,370,21,385,1 2,300,8,307,1 30,101,47,123,1 300,123,415,198,0 291,34,416,109,0 133,0,259,67,0 74,8,247,315,0 220,201,339,292,0 192,321,326,380,0
20211028_082618_003_jpg.rf.3d1f200fb3742ad141d4cd71da91378e.jpg 104,108,207,182,0 101,118,189,164,0 197,105,276,165,0 141,180,298,224,0 54,187,244,326,0 103,225,137,279,0 56,201,123,291,0 171,217,182,233,1 205,179,216,194,1 264,97,272,110,1 279,102,287,110,1 278,93,287,103,1 310,188,321,200,1 304,194,311,208,1 284,203,311,303,0 134,340,140,350,1 120,331,129,342,1 126,339,132,349,1 80,345,94,359,1 56,335,63,343,1 60,363,74,376,1
20211028_082625_010_jpg.rf.372d61c2e326671f21c5a161b2c78b30.jpg 152,90,169,110,1 262,30,280,46,1 292,35,301,47,1 285,40,292,52,1 242,128,256,139,1 247,139,256,151,1 255,141,263,151,1 277,155,284,168,1 283,158,290,169,1 21,193,36,209,1 0,252,8,266,1 58,221,69,233,1 61,233,69,241,1 63,241,71,249,1 58,8,171,283,0 186,30,241,190,0 160,124,239,181,0 223,127,357,377,0 142,131,223,278,0 115,190,185,306,0
20211028_082625_007_jpg.rf.2d39fcbe8d8d793dfc8ae1d6692279c1.jpg 259,33,275,50,1 151,94,165,116,1 103,100,121,122,1 7,202,21,228,1 238,128,251,146,1 242,144,251,154,1 251,146,260,157,1 272,158,280,170,1 280,162,287,172,1 51,254,60,264,1 49,245,57,253,1 48,234,57,245,1 125,277,197,346,0 209,80,271,170,0 173,45,226,229,0 212,157,378,370,0 103,184,213,286,0 114,117,203,283,0 64,8,187,269,0
20211028_082625_029_jpg.rf.2915b135cb11b3e1bf8ce17e749219a0.jpg 171,170,270,236,0 70,173,86,188,1 281,134,293,146,1 313,39,326,56,1 52,232,64,248,1 44,237,55,256,1 158,108,169,119,1 317,163,324,176,1 324,171,334,184,1 286,146,294,158,1 295,152,304,160,1 168,22,373,151,0 163,104,248,140,0 112,66,264,130,0 9,118,208,234,0
20211028_082650_022_jpg.rf.3345b8bcba5f4c4bd6221c176b2f63ed.jpg 243,30,304,173,0 279,10,385,169,0 332,2,416,116,0 306,136,415,379,0 257,147,351,212,0 217,171,325,283,0 209,260,304,362,0 248,251,260,275,1 202,217,224,240,1 162,267,178,285,1 180,267,195,286,1
20211028_082618_012_jpg.rf.3e0a3f4e190bdc8c078afde2a3036e5c.jpg 285,170,291,179,1 292,168,298,176,1 282,158,291,169,1 312,172,319,179,1 319,169,327,179,1 54,293,67,311,1 75,322,88,337,1 58,330,71,346,1 121,296,131,312,1 133,304,142,322,1 175,177,187,193,1 292,67,303,75,1 294,75,303,84,1 276,70,286,84,1 250,83,326,134,0 163,83,268,145,0 128,92,249,179,0 139,156,232,237,0 166,178,247,230,0 173,124,306,279,0 99,186,295,320,0
20211028_082550_024_jpg.rf.2e18641c736e376824ed018fff169b78.jpg 169,181,250,241,0 208,268,319,333,0 237,185,292,296,0 230,125,345,256,0 341,208,385,352,0 128,102,303,201,0 52,71,268,161,0
n--8-_jpg.rf.2e496cbf0a3704d8316fb7b4de040b0c.jpg 80,14,345,402,0
20211028_082637_003_jpg.rf.40c6cafd4959d7c27a8245a89c5685b0.jpg 256,181,264,192,1 399,179,414,192,1 363,234,376,247,1 381,282,390,295,1 372,283,381,299,1 372,249,380,261,1 365,253,373,269,1 139,192,153,212,1 99,225,111,237,1 91,219,98,235,1 213,35,274,162,0 201,61,276,122,0 141,58,216,196,0 124,0,212,164,0 109,208,185,306,0 321,170,357,269,0 198,137,389,237,0 67,118,244,355,0
20211028_082650_010_jpg.rf.3c1053cb341c592a3e5909d97e349f9a.jpg 369,16,416,91,0 246,3,415,124,0 205,12,310,144,0 154,56,250,140,0 174,101,239,234,0 147,251,233,290,0 147,173,397,377,0 152,224,175,254,1 117,276,141,302,1
d--154-_jpg.rf.2e4b0e4e7b67e451ccd30cfc796d03ab.jpg 249,6,250,6,0 214,8,361,84,0 81,10,185,72,0 178,76,379,277,0 219,193,363,320,0 316,259,330,275,1 337,212,349,229,1 335,159,348,179,1 288,178,300,194,1 290,237,302,245,1 290,222,297,231,1 283,213,291,226,1 288,214,297,222,1 237,244,254,264,1 202,160,219,180,1 185,189,196,208,1 206,48,217,63,1 203,67,212,77,1 202,60,217,73,1 187,74,199,88,1 171,77,182,89,1 131,123,145,136,1 95,160,196,272,0 158,275,217,390,0 189,311,283,415,0 123,316,190,416,0 0,320,183,409,0 75,29,86,41,1 90,25,99,37,1 81,16,91,30,1
20211028_082644_018_jpg.rf.37edbea0a5044ab336b0544bc3a0cec1.jpg 30,119,46,154,1 0,184,25,210,1 152,33,208,177,0 58,0,175,99,0 133,0,337,133,0 1,0,117,63,0 213,0,374,37,0
20211028_082625_011_jpg.rf.43c6227481a3cfbff785c0bc36e686e6.jpg 114,262,157,363,0 152,87,172,107,1 268,29,278,43,1 293,30,303,44,1 286,37,294,50,1 243,123,256,137,1 257,137,267,151,1 249,138,257,148,1 278,153,284,167,1 285,157,293,167,1 116,98,130,114,1 24,189,36,203,1 60,216,71,227,1 61,227,72,235,1 64,236,73,245,1 0,247,12,263,1 65,18,169,268,0 99,180,203,313,0 163,139,218,241,0 132,105,219,178,0 206,86,383,372,0 169,21,226,178,0
20211028_082618_027_jpg.rf.38448d0c7a80cae96079814bd18a530f.jpg 191,117,192,117,1 184,118,201,145,1 391,135,407,164,1 116,0,163,86,0 183,4,376,91,0 307,78,408,187,0 258,172,366,252,0 255,79,301,162,0 209,90,276,236,0 91,266,180,343,0 272,176,415,378,0 3,308,18,331,1
d--172-_jpg.rf.412a468c7aa757fecfcf03a9c810648c.jpg 282,18,296,37,1 304,0,318,10,1 290,59,300,72,1 296,79,308,95,1 276,49,289,68,1 257,103,272,124,1 250,130,267,148,1 236,191,249,207,1 194,202,207,221,1 260,214,273,236,1 272,234,284,251,1 315,209,335,229,1 317,192,327,208,1 299,253,311,266,1 286,259,296,277,1 293,284,302,298,1 376,295,391,316,1 342,311,355,328,1 342,329,359,342,1 361,354,374,372,1 360,366,372,384,1 304,405,317,416,1 296,398,306,415,1 347,51,416,111,0 347,0,416,42,0 379,115,415,278,0 295,107,391,196,0 215,172,392,230,0 202,240,409,320,0 204,285,317,396,0 133,195,214,333,0
d--151-_jpg.rf.2e7b1f45e83023a908c042ffd48d2489.jpg 77,77,92,98,1 83,58,100,78,1 87,26,102,45,1 34,56,48,70,1 20,63,33,73,1 14,77,27,97,1 0,185,13,203,1 322,17,337,33,1 111,97,124,109,1 239,215,330,347,0 134,59,317,209,0 77,18,201,241,0 102,22,182,125,0 104,202,220,288,0 41,284,162,416,0 70,245,208,416,0
20211028_082644_022_jpg.rf.46c1b2b01e5a0fa7e632f0e9bc393233.jpg 14,161,24,179,1 16,178,25,192,1 4,171,14,185,1 10,35,146,128,0 9,17,131,65,0 64,0,257,146,0 88,45,163,180,0 160,0,379,57,0
d--176-_jpg.rf.4685eb7749d28704ac4ca3f6aa96d8e7.jpg 150,35,168,57,1 135,41,148,61,1 142,87,156,103,1 116,91,127,103,1 113,99,121,117,1 103,104,114,118,1 97,100,106,113,1 90,106,99,114,1 90,118,97,128,1 46,124,61,144,1 30,165,49,184,1 28,194,44,208,1 28,210,45,222,1 0,208,10,235,1 55,187,72,212,1 254,286,268,300,1 246,296,257,311,1 238,135,249,150,1 233,142,241,154,1 226,140,234,150,1 215,139,228,151,1 365,134,373,143,1 384,155,389,162,1 375,147,382,158,1 365,146,374,154,1 222,0,399,63,0 189,53,415,172,0 336,111,414,168,0 168,154,282,224,0 143,151,388,264,0 240,300,379,363,0 17,38,99,138,0
20211028_082612_015_jpg.rf.4e5b160bcc74c968e229317f85c8de5a.jpg 160,136,171,152,1 281,211,285,217,1 286,214,290,220,1 259,243,265,250,1 257,236,263,243,1 222,256,230,272,1 181,246,188,254,1 138,225,143,231,1 144,207,150,218,1 121,226,127,238,1 202,193,260,284,1 256,168,262,176,1 165,120,273,200,0 213,149,357,191,0 109,147,164,192,0 50,146,135,202,0 118,190,143,276,0 85,99,197,297,0 56,65,147,106,0 186,64,340,132,0
20211028_082644_019_jpg.rf.4a45403d2ea5ed2eab5a63b1b3c788b0.jpg 112,31,196,154,0 55,18,164,112,0 131,0,316,137,0 0,2,61,79,0 205,0,333,57,0 11,132,23,150,1 67,143,79,154,1 60,148,69,164,1
20211028_082644_015_jpg.rf.47e3afd1e6b4c88c9669d91747c73a9c.jpg 103,106,122,124,0 155,113,174,144,0 66,164,101,189,0 205,62,302,188,0 235,0,397,155,0 144,0,200,123,0 0,0,132,68,0
20211028_082618_021_jpg.rf.54df3275ae777f0f2bde0ff3018c9f0e.jpg 176,209,210,316,0 142,257,152,277,1 153,301,166,314,1 136,302,150,318,1 209,276,219,294,1 213,291,219,301,1 219,295,226,308,1 398,67,416,92,1 404,171,414,185,1 409,184,415,201,1 404,189,410,197,1 359,113,407,236,0 236,23,335,163,0 202,70,317,219,0 277,215,367,280,0 300,81,399,253,0 285,211,415,350,0
20211028_082618_020_jpg.rf.53d0d3c8d0e341d76c1e038f4458c19b.jpg 154,256,169,272,1 167,290,178,309,1 153,296,165,314,1 220,279,230,291,1 220,291,232,301,1 228,294,237,304,1 179,214,217,316,0 196,85,333,217,0 375,101,415,218,0 268,221,358,281,0 266,225,414,396,0 278,68,334,157,0 332,72,389,287,0 288,8,379,49,0
20211028_082637_014_jpg.rf.56a74253b4687a2bd486916694b00b3b.jpg 238,149,291,276,0 140,250,233,309,0 87,203,114,230,1 145,172,168,193,1 71,199,174,247,0 333,79,393,173,0 240,21,405,258,0 76,98,269,279,0 98,45,191,150,0 44,0,213,74,0
n14_jpg.rf.53171566bb1548ae934dab010548168b.jpg 41,21,165,171,0 135,7,206,155,0 196,16,358,85,0 155,42,342,132,0 322,113,412,191,0 179,124,332,236,0 169,186,370,292,0 100,149,275,280,0 109,235,277,378,0 65,123,141,333,0 20,274,238,412,0
20211028_082612_025_jpg.rf.5dddcb8cf9fa3c7791f8d80977d22ed5.jpg 75,127,130,202,0
d--139-_jpg.rf.5fd5b8a4274e9bf45fbcdd63005dd9e3.jpg 256,115,273,139,1 333,106,350,132,1 330,78,344,96,1 388,67,412,89,1 242,205,262,240,1 100,370,119,388,1 116,375,129,393,1 112,388,125,402,1 105,298,118,312,1 96,309,112,322,1 114,316,123,332,1 115,304,126,314,1 121,313,132,324,1 123,303,131,310,1 131,307,141,318,1 135,15,282,92,0 303,48,398,191,0 214,247,295,311,0 183,344,319,409,0 96,25,291,293,0
20211028_082618_019_jpg.rf.544192eb372588f18da863a2b810f790.jpg 152,253,170,273,1 166,289,183,307,1 155,294,165,307,1 230,292,240,304,1 226,287,234,299,1 223,282,229,290,1 183,207,228,307,0 213,89,329,233,0 261,66,351,162,0 305,61,388,114,0 375,102,413,219,0 326,102,388,286,0 263,216,345,268,0 225,236,415,396,0
20211028_082644_028_jpg.rf.5c8359d725b607344b24e8a093cb26b4.jpg 26,128,43,159,1 193,157,201,174,1 185,163,194,178,1 179,96,188,106,1 177,76,185,86,1 213,47,301,140,0 74,205,179,289,0 53,8,220,283,0 0,112,99,225,0 100,44,281,181,0
20211028_082612_002_jpg.rf.5edc7672fb30a6a620b373e8d781ae70.jpg 225,178,230,184,1 222,182,227,189,1 215,175,223,184,1 212,210,221,219,1 196,172,201,179,1 198,181,202,185,1 202,196,207,205,1 197,197,202,203,1 170,222,178,230,1 173,229,178,236,1 147,217,155,223,1 175,136,184,145,1 47,106,121,202,0 130,187,193,222,0 139,224,231,256,0 99,187,150,262,0 72,110,214,255,0 221,184,287,245,0 210,122,337,176,0 235,144,363,270,0 90,63,211,105,0 57,55,128,126,0
d--181-_jpg.rf.4ff55dcb7a70f4a3a88cf285be7b2026.jpg 26,151,44,176,1 369,10,387,33,1 214,0,227,14,1 173,7,187,32,1 152,74,174,96,1 128,68,142,91,1 122,89,138,108,1 114,111,124,128,1 91,119,102,131,1 98,120,108,135,1 100,131,112,143,1 92,128,98,143,1 52,128,67,145,1 287,183,306,207,1 386,184,403,217,1 101,292,120,319,1 136,357,146,371,1 143,367,152,386,1 259,270,271,281,1 266,258,277,270,1 257,261,265,268,1 263,249,270,259,1 256,252,263,260,1 259,242,268,252,1 144,197,157,211,1 137,208,147,216,1 127,208,137,221,1 73,120,162,225,0 107,27,353,222,0 201,46,339,116,0 196,6,365,59,0 290,83,412,174,0 200,165,386,311,0 217,318,364,398,0 131,169,213,313,0 0,86,62,174,0
20211028_082618_007_jpg.rf.5668b2f9105475278cacf2fa1a1c9bb5.jpg 315,175,323,188,1 311,181,317,188,1 289,183,293,189,1 282,186,289,193,1 280,171,286,181,1 177,202,186,212,1 138,328,143,336,1 132,328,137,336,1 127,317,135,329,1 84,341,95,351,1 70,355,81,365,1 60,322,69,334,1
20211028_082612_021_jpg.rf.58e95ec93b9294f9d61640818d8aed70.jpg 162,200,169,212,1 266,166,275,176,1 295,219,301,229,1 300,225,304,234,1 275,240,281,250,1 268,246,276,255,1 228,256,234,266,1 182,246,189,257,1 179,252,183,265,1 117,239,123,246,1 135,229,141,237,1 137,212,145,221,1 106,157,198,309,0 195,132,303,231,0 214,171,272,221,0 113,129,168,174,0 156,147,235,207,0 62,181,144,240,0 62,157,141,216,0 113,202,149,277,0
20211028_082625_030_jpg.rf.6230b5ce48464881bebcc5dc7b71530f.jpg 332,41,344,64,1 348,40,368,65,1 299,133,308,147,1 88,165,104,188,1 70,235,81,245,1 61,237,70,251,1 341,171,351,190,1 330,165,339,180,1 119,70,237,129,0 194,76,263,166,0 142,148,245,229,0 16,137,237,233,0 173,17,393,157,0
d--143-_jpg.rf.64087cbb5c1c9e65c219b8b5f794e0f2.jpg 77,321,89,332,1 65,318,78,335,1 71,333,91,351,1 14,392,26,408,1 2,392,17,411,1 210,398,221,416,1 231,400,245,416,1 96,396,111,414,1 88,396,100,412,1 294,97,400,180,0 199,166,341,267,0 200,288,328,359,0 227,366,321,408,0 145,15,351,183,0 20,13,182,358,0
d--190-_jpg.rf.5986521edd349890c071f250db4ba17a.jpg 59,50,76,70,1 53,2,70,24,1 208,83,221,91,1 216,72,223,86,1 221,81,230,92,1 221,69,230,79,1 232,161,249,190,1 72,268,90,291,1 41,154,57,173,1 199,211,301,350,0 77,267,207,384,0 0,90,101,373,0 12,88,191,315,0 67,21,195,113,0 63,0,221,40,0 167,72,292,182,0
n--2-_jpg.rf.69df0251ece11ab76ca89546f1c028bc.jpg 14,16,406,402,0
d--182-_jpg.rf.6093115f530bcc862f493b63652474ce.jpg 366,16,379,39,1 307,19,319,32,1 305,29,313,43,1 287,13,299,24,1 285,24,298,36,1 211,0,219,11,1 163,8,180,25,1 121,66,137,79,1 152,77,163,92,1 113,88,127,101,1 99,113,109,131,1 271,194,286,209,1 368,200,382,218,1 87,301,103,315,1 115,353,130,372,1 124,369,134,381,1 45,118,59,139,1 24,148,36,163,1 90,124,98,134,1 89,131,97,141,1 80,126,90,138,1 84,115,93,126,1 126,200,137,212,1 125,208,133,220,1 117,204,125,218,1 108,207,118,221,1 239,243,251,254,1 234,251,241,262,1 241,257,252,265,1 236,263,241,272,1 245,265,253,275,1 237,274,247,283,1 276,85,410,170,0 225,323,353,414,0 112,184,217,322,0 65,133,142,240,0 0,90,51,166,0 192,47,344,100,0 201,0,369,56,0 220,144,384,352,0 98,46,349,261,0
20211028_082612_007_jpg.rf.6a19d8038c4324255b6ac6a17543ff32.jpg 215,218,231,235,1 215,189,221,194,1 214,193,220,201,1 166,132,175,147,1 194,218,199,228,1 172,238,179,247,1 173,227,180,235,1 167,226,173,234,1 157,212,164,220,1 155,222,161,229,1 141,226,148,235,1 124,222,132,232,1 43,110,135,212,0 189,122,270,186,0 229,150,358,224,0 152,234,246,292,0 107,169,196,256,0 82,100,206,272,0 48,61,132,116,0 188,61,285,116,0
20211028_082612_012_jpg.rf.6a04c6aba89302cf93ecebf9157bbc97.jpg 265,207,275,220,1 257,194,265,205,1 250,237,259,246,1 243,240,249,253,1 215,258,225,267,1 180,245,190,254,1 141,204,154,217,1 131,222,144,234,1 119,220,126,230,1 178,221,255,293,0 91,105,186,279,0 90,195,148,263,0 87,182,149,209,0 81,157,153,182,0 177,120,287,192,0 194,142,357,190,0 50,56,135,95,0
d--16-_jpg.rf.63265c627a5c76a150bb827d29cd84de.jpg 233,140,240,149,1 45,134,50,142,1 50,135,53,140,1 49,139,52,144,1 52,137,55,142,1 55,135,58,141,1 54,141,59,146,1 52,142,56,147,1 50,144,53,150,1 49,149,54,155,1 52,146,56,151,1 56,146,59,152,1 58,147,61,152,1 58,142,62,147,1 58,136,61,143,1 84,208,89,215,1 83,266,90,271,1 89,281,93,289,1 70,287,74,294,1 66,288,69,294,1 62,288,67,294,1 51,277,59,285,1 66,329,73,338,1 40,299,44,307,1 43,304,50,310,1 21,302,26,309,1 32,324,38,333,1 51,340,55,349,1 10,304,16,312,1 19,310,23,315,1 15,311,18,317,1 18,315,23,321,1 17,319,23,325,1 20,322,24,328,1 19,326,21,330,1 16,326,19,331,1 12,328,16,333,1 8,331,14,337,1 2,334,7,341,1 0,365,6,374,1 33,366,40,375,1 128,117,133,123,1 128,122,132,127,1 128,127,133,135,1 123,124,129,131,1 114,143,118,149,1 111,143,114,148,1 113,148,115,151,1 107,143,111,148,1 109,147,112,154,1 115,149,120,154,1 111,150,115,157,1 113,153,118,159,1 110,156,115,163,1 116,165,121,171,1 114,168,119,174,1 151,145,156,152,1 147,145,151,151,1 150,151,154,156,1 146,150,149,155,1 147,154,151,159,1 149,158,152,164,1 151,154,155,160,1 152,159,155,164,1 143,148,146,154,1 143,154,148,159,1 145,158,149,164,1 146,162,149,168,1 150,162,153,169,1 153,164,156,169,1 141,209,146,217,1 139,206,143,211,1 138,212,142,218,1 183,233,186,237,1 186,235,190,239,1 184,238,187,243,1 185,230,189,235,1 189,229,192,236,1 181,228,185,233,1 180,235,184,242,1 187,239,191,245,1 184,243,188,248,1 203,192,208,199,1 242,163,248,170,1 247,170,252,176,1 242,169,246,176,1 244,172,248,178,1 247,176,252,182,1 245,178,248,184,1 246,180,251,186,1 239,202,243,209,1 243,205,246,211,1 238,208,244,214,1 243,211,246,218,1 234,204,239,211,1 229,250,233,261,1 279,321,286,332,1 267,293,275,302,1 262,227,267,233,1 262,232,266,236,1 260,230,263,236,1 257,229,260,234,1 258,235,263,239,1 262,236,266,242,1 264,235,269,244,1 311,276,315,285,1 338,325,343,332,1 324,343,333,352,1 361,389,368,397,1 357,395,364,403,1 355,389,361,398,1 392,348,397,356,1 387,350,392,356,1 384,343,391,351,1 400,322,405,330,1 406,326,412,332,1 404,317,410,327,1 367,306,372,312,1 361,301,367,308,1 306,323,312,330,1 306,326,310,334,1 363,285,369,291,1 367,281,372,287,1 371,277,378,283,1 365,276,368,280,1 368,272,371,277,1 367,266,372,272,1 364,269,368,275,1 362,265,367,270,1 335,278,340,286,1 339,281,343,287,1 332,283,336,288,1 331,277,335,283,1 327,280,332,286,1 327,286,332,293,1 322,282,329,289,1 337,286,342,292,1 341,282,347,292,1 344,283,349,288,1 342,278,346,285,1 338,275,342,280,1
d--3-_jpg.rf.646bae50685f9470977890d764f59d33.jpg 209,126,216,132,1 195,139,203,143,1 177,164,185,167,1 177,168,181,171,1 193,172,200,176,1 198,175,206,181,1 212,180,219,185,1 209,160,219,163,1 211,156,218,160,1 215,143,219,147,1 227,150,234,153,1 232,148,238,151,1 232,141,235,144,1 229,140,232,142,1 227,135,233,138,1 221,136,228,140,1 237,128,243,131,1 263,141,271,145,1 240,147,245,152,1 247,156,256,159,1 248,179,253,183,1 235,188,240,192,1 245,193,253,197,1 265,204,271,209,1 239,203,244,205,1 240,205,244,208,1 230,209,235,212,1 230,212,234,217,1 227,233,233,238,1 232,230,238,234,1 224,250,228,254,1 197,272,203,276,1 192,278,199,282,1 213,274,219,280,1 229,267,234,271,1 233,272,237,274,1 227,280,232,284,1 225,281,228,285,1 251,265,255,268,1 267,289,270,293,1 263,287,266,292,1 278,290,282,294,1 277,281,282,286,1 272,282,277,286,1 292,284,297,288,1 291,288,295,292,1 289,270,295,275,1 295,267,301,270,1 311,272,315,277,1 301,262,307,266,1 251,256,256,259,1 259,240,267,244,1 247,235,256,241,1 275,229,281,235,1 290,220,297,225,1 277,163,284,167,1 271,171,276,174,1 267,171,271,173,1 264,170,268,173,1 266,186,270,190,1 269,189,272,192,1 265,189,269,192,1 261,190,265,193,1 264,192,268,195,1 257,190,261,193,1 261,192,263,195,1 276,191,281,195,1 279,194,283,198,1 281,185,286,188,1 280,183,285,186,1 284,183,289,186,1 288,169,294,173,1 237,213,240,216,1 237,214,243,218,1 239,217,242,220,1 236,218,240,221,1 235,220,240,223,1 237,222,241,224,1 240,225,243,228,1 243,226,248,229,1 271,296,275,300,1 270,270,275,274,1 260,267,265,270,1 264,269,268,272,1 261,271,265,275,1 264,271,268,274,1 268,269,270,273,1 265,273,270,277,1 340,262,344,266,1 333,265,336,268,1 328,263,334,267,1 327,265,331,268,1 317,263,321,266,1 313,261,318,265,1 318,260,322,264,1 315,250,320,254,1 328,227,332,232,1 318,231,322,236,1 314,232,318,234,1 312,237,317,240,1 308,231,312,235,1 303,229,309,232,1 298,246,301,250,1 301,248,304,252,1 299,250,301,253,1 295,249,299,252,1 279,262,284,265,1 275,264,279,267,1 274,265,277,268,1 276,267,279,269,1 278,265,282,269,1 282,267,285,269,1 279,268,282,271,1 282,269,286,272,1 285,270,288,273,1 324,163,330,166,1 310,159,315,164,1 307,160,310,163,1 302,158,307,163,1 298,166,302,169,1 302,167,307,170,1 299,169,301,171,1 296,170,300,173,1 294,171,297,174,1 298,173,301,175,1 299,172,304,174,1 302,170,306,172,1 304,171,308,174,1 313,186,317,189,1 306,205,310,209,1 309,206,313,210,1 312,205,315,207,1 330,202,334,205,1 330,205,333,207,1 327,201,330,202,1 328,203,330,206,1 328,206,330,209,1 330,207,334,209,1 333,208,337,211,1 333,205,337,207,1 333,203,337,206,1 332,200,336,203,1 335,198,339,201,1
d--183-_jpg.rf.4fe73d04e68521fb6bb5e9c3cab96bd2.jpg 118,16,134,36,1 355,0,372,12,1 308,0,320,12,1 196,74,208,92,1 146,36,157,57,1 106,41,117,59,1 49,82,61,100,1 23,96,40,119,1 79,79,88,94,1 88,83,99,96,1 242,147,263,182,1 345,182,366,212,1 50,270,83,301,1 99,170,111,180,1 96,177,104,188,1 88,177,97,187,1 82,179,89,191,1 93,320,107,333,1 98,335,110,351,1 201,247,211,260,1 211,242,218,255,1 202,235,211,245,1 204,223,218,242,1 213,220,219,231,1 166,19,330,85,0 178,0,282,35,0 253,46,391,161,0 240,87,414,283,0 230,297,368,385,0 100,168,202,311,0 35,145,81,269,0 86,22,295,247,0
20211028_082618_026_jpg.rf.671e41f59e6e3159ddfeb9d64abe72e4.jpg 19,247,49,270,1 233,73,284,224,0 298,147,391,250,0 340,104,393,207,0 224,6,411,127,0 138,0,197,69,0 121,253,206,301,0
d--56-_jpg.rf.687ad1b9cb057c3a3902c05318fb5cbd.jpg 281,183,288,190,1 323,191,328,198,1 294,260,302,270,1 291,331,294,336,1 138,43,142,47,1 150,60,154,66,1 131,41,135,46,1 101,30,104,34,1 98,32,100,37,1 79,25,83,28,1 97,66,100,71,1 116,64,120,70,1 79,70,85,77,1 65,239,73,247,1 63,258,69,265,1 74,394,80,402,1
n--7-_jpg.rf.665b4d9f5738ea8a6be4de3599fc5012.jpg 36,33,386,404,0
d--134-_jpg.rf.6f4a6ac81bb010ac02605257b1d08223.jpg 197,99,211,116,1 236,106,250,125,1 229,117,246,139,1 212,136,224,153,1 239,182,255,205,1 248,286,269,306,1 353,201,372,220,1 370,145,384,178,1 376,80,394,103,1 369,19,384,38,1 297,77,316,105,1 256,11,273,35,1 284,156,300,182,1 236,399,263,415,1 159,316,180,340,1 134,299,154,320,1 143,331,155,343,1 163,135,178,151,1 107,249,121,263,1 126,317,135,331,1 132,319,141,332,1 139,321,148,335,1 135,329,143,340,1 126,328,138,341,1 33,228,54,243,1 0,319,14,336,1 4,295,24,312,1 1,365,13,380,1 2,391,11,405,1 12,395,18,408,1 4,404,12,414,1 14,401,23,413,1 28,384,107,415,0 96,300,184,400,0 296,124,397,240,0 312,53,407,135,0 303,0,396,58,0 80,103,293,204,0 54,140,228,286,0 77,35,226,133,0 89,0,243,49,0
n--1-_png.rf.6dce11b923da718ec1537403abafabd3.jpg 83,5,304,260,0 62,183,325,415,0
20211028_082637_025_jpg.rf.6c4890a8bc4060000ffe898cd436456a.jpg 233,141,242,157,1 241,145,249,155,1 263,62,270,74,1 263,75,269,82,1 256,75,264,87,1 90,15,104,32,1 0,5,113,64,0 151,168,236,254,0 98,143,224,210,0 0,102,132,173,0 0,71,224,134,0 105,0,335,57,0
20211028_082650_001_jpg.rf.72f830c6ecd3688378e5700e9733d6f1.jpg 292,143,367,226,0 299,170,309,182,1 351,146,364,162,1 212,298,222,311,1 213,313,221,325,1 206,304,215,315,1 165,268,174,289,1 137,318,145,335,1 128,322,137,337,1 160,190,196,318,0 276,39,415,163,0 360,45,415,107,0 352,0,415,55,0 137,38,273,134,0 148,93,251,156,0 154,123,267,227,0
20211028_082550_007_jpg.rf.6f0d596ce4698935a1666247ec8769ce.jpg 61,31,226,165,0 117,111,197,208,0 125,83,242,273,0 208,183,252,273,0 244,176,286,261,0 227,169,357,207,0 282,243,383,297,0 268,274,335,362,0
20211028_082644_016_jpg.rf.6bad0b3692edc06b70f386ce0a941398.jpg 79,113,96,135,1 40,173,65,193,1 140,126,155,139,1 131,133,140,147,1 140,140,147,153,1 180,54,281,186,0 186,0,375,153,0 123,0,198,116,0 0,0,115,53,0
20211028_082644_005_jpg.rf.827d977dd48a2913b6e17f46c7269999.jpg 185,75,332,171,0 306,41,415,122,0 324,87,382,212,0
d--168-_jpg.rf.6bc10dfa228403638c2245dab9fd4b2c.jpg 216,111,230,133,1 284,0,300,18,1 276,28,292,50,1 259,40,271,50,1 261,49,273,61,1 263,70,276,84,1 306,72,318,95,1 238,107,251,132,1 303,209,313,229,1 301,198,316,212,1 341,213,365,242,1 357,271,368,288,1 344,277,359,305,1 280,226,294,250,1 245,341,257,357,1 290,335,303,357,1 301,354,310,361,1 290,353,297,367,1 295,375,305,390,1 307,379,316,395,1 191,376,208,394,1 164,374,177,395,1 132,365,148,381,1 71,396,84,411,1 88,399,97,412,1 97,399,104,413,1 390,15,415,103,0 332,13,416,184,0 298,114,416,217,0 245,46,297,149,0 187,160,258,302,0 180,176,268,299,0 222,96,363,296,0
20211028_082637_021_jpg.rf.759c59b5ba3ba52a83563b2c1edd4886.jpg 190,80,264,195,1 114,113,199,215,1
20211028_082637_007_jpg.rf.7a54cac9546455bb14b7a2ab3ad54a11.jpg 338,218,356,245,1 214,273,224,281,1 215,259,234,274,1 120,317,129,341,1 139,247,155,266,1 189,85,284,151,0 145,14,224,146,0 135,123,204,262,0 183,290,254,350,0 213,178,298,272,0 347,185,406,294,0 283,117,386,333,0 133,135,285,321,0
20211028_082644_027_jpg.rf.7ee63f61de6f0a4975162e7a2c6326dc.jpg 178,148,195,163,1 194,146,203,159,1 176,53,187,69,1 185,66,191,74,1 179,75,186,85,1 25,121,39,140,1 0,116,158,275,1 35,11,209,277,1 83,41,296,134,1 225,6,310,119,1
20211028_082550_022_jpg.rf.7758bbe7e03a00f1bc136830276f9cc1.jpg 342,223,383,362,0 240,131,346,243,0 237,187,239,188,0 236,195,288,262,0 226,263,303,319,0 175,177,244,244,0 125,108,307,223,0 50,47,280,157,0
20211028_082612_001_jpg.rf.7a2da0ccce751be7a82ac66974ab7f61.jpg 242,156,254,177,1 175,134,186,146,1 227,174,235,186,1 218,174,225,184,1 225,180,228,187,1 199,171,204,178,1 214,210,220,219,1 205,197,210,206,1 200,198,205,203,1 200,204,205,210,1 197,198,201,205,1 198,209,202,214,1 194,205,198,210,1 171,218,176,225,1 173,227,178,234,1 150,214,158,223,1 198,178,203,187,1 53,110,119,198,0 239,194,306,265,0 220,127,331,165,0 256,150,364,271,0 137,227,234,258,0 125,185,186,216,0 101,180,147,251,0 76,105,221,239,0 70,57,212,133,0 223,57,333,114,0
d--89-_jpg.rf.7dbb614284402691586d1c507b66a138.jpg 98,53,101,57,1 95,53,98,57,1 48,313,53,319,1 47,339,51,343,1 49,350,52,355,1 25,374,30,378,1 26,377,29,382,1 125,52,128,56,1 128,52,131,54,1 149,138,154,144,1 165,122,172,131,1 181,60,186,65,1 198,56,201,62,1 195,50,199,57,1 199,52,202,56,1 208,50,212,55,1 216,64,219,68,1 219,66,222,70,1 218,78,224,84,1 269,88,274,96,1 272,44,277,49,1 271,39,276,43,1 335,34,339,38,1 335,38,338,42,1 333,52,337,58,1 334,59,341,66,1 342,34,347,39,1 345,38,350,42,1 355,27,357,30,1 357,28,359,32,1 357,23,360,27,1 366,19,369,24,1 364,0,368,6,1 370,13,375,18,1 382,25,386,32,1 387,45,390,50,1 388,43,391,47,1 387,37,391,42,1 390,33,394,37,1 391,38,395,40,1 392,40,395,43,1 393,43,396,48,1 390,46,393,50,1 393,51,397,56,1 391,69,394,73,1 397,70,400,74,1 398,75,401,79,1 399,78,401,82,1 400,80,403,85,1 400,85,403,89,1 400,89,404,94,1 401,92,405,96,1 402,95,405,99,1 402,98,406,104,1 403,102,407,107,1 403,107,406,111,1 405,113,408,117,1 408,125,412,130,1 395,114,402,121,1 387,91,392,98,1 383,108,390,116,1 373,97,377,101,1 370,98,374,102,1 369,101,372,104,1 372,100,375,104,1 370,104,373,108,1 346,78,351,82,1 360,111,367,118,1 381,125,386,131,1 355,131,360,138,1 345,138,348,143,1 397,178,402,183,1 331,43,334,48,1
20211028_082550_003_jpg.rf.6aa8bb87a13cc6270546fabe6723ff01.jpg 62,17,250,164,0 228,144,356,207,0 231,199,286,328,0 251,169,278,262,0 291,248,397,295,0 283,300,354,358,0 126,73,250,286,0 110,111,193,222,0 72,0,299,74,0
d--14-_jpg.rf.75e8ec80b96e12108a4ceb78bb91f6c3.jpg 39,77,43,82,1 35,79,40,85,1 38,81,42,87,1 42,81,45,85,1 44,77,48,83,1 47,80,51,87,1 44,83,48,89,1 41,84,45,91,1 47,86,51,92,1 38,87,43,92,1 42,89,45,95,1 45,88,48,96,1 47,90,51,96,1 39,92,43,99,1 73,150,79,158,1 96,86,100,92,1 99,87,103,92,1 103,87,109,92,1 103,93,107,98,1 102,90,104,96,1 98,92,102,97,1 100,94,104,101,1 102,98,108,103,1 100,99,104,106,1 105,107,110,115,1 103,112,107,121,1 39,219,46,224,1 75,223,82,231,1 58,229,66,236,1 54,227,60,235,1 51,229,56,236,1 32,243,37,251,1 27,241,32,248,1 11,241,16,247,1 54,271,62,280,1 38,282,44,288,1 17,266,26,277,1 20,303,27,311,1 0,245,4,251,1 7,248,11,255,1 4,250,7,257,1 7,254,11,259,1 5,259,10,264,1 8,261,13,268,1 7,263,10,271,1 3,265,8,272,1 1,265,5,273,1 0,270,4,277,1 118,61,122,67,1 115,67,121,72,1 118,71,121,76,1 112,69,117,74,1 125,148,131,157,1 129,154,135,160,1 126,157,129,163,1 174,174,179,180,1 171,175,175,181,1 167,175,172,181,1 172,179,177,186,1 170,180,173,184,1 166,183,170,189,1 171,184,175,189,1 174,184,179,191,1 171,189,175,195,1 214,194,221,202,1 140,89,143,96,1 135,88,140,95,1 130,93,134,99,1 135,94,138,99,1 132,98,136,103,1 138,96,142,100,1 136,98,140,103,1 134,103,138,108,1 139,99,143,104,1 137,103,141,108,1 140,103,144,109,1 140,108,145,114,1 138,108,141,116,1 135,107,140,112,1 221,85,227,93,1 189,136,197,144,1 229,106,235,115,1 235,115,241,121,1 230,113,234,118,1 231,117,237,123,1 236,118,240,127,1 235,126,239,133,1 230,123,236,129,1 226,147,230,153,1 223,151,227,156,1 227,153,230,160,1 229,150,234,155,1 229,155,234,161,1 248,170,253,176,1 246,173,249,178,1 243,172,247,178,1 248,176,253,182,1 243,178,247,183,1 246,181,250,187,1 251,178,255,186,1 252,233,259,244,1 261,265,268,273,1 288,378,295,388,1 293,378,298,387,1 287,267,291,273,1 289,265,294,271,1 305,285,312,292,1 318,268,325,277,1 295,218,300,226,1 327,225,333,232,1 324,220,328,226,1 325,228,329,234,1 319,219,325,225,1 320,225,325,231,1 317,222,322,229,1 313,222,319,226,1 314,226,319,232,1 319,229,323,236,1 310,224,316,229,1 310,229,314,236,1 306,225,310,231,1 344,208,350,218,1 350,209,355,218,1 347,215,351,220,1 351,216,355,223,1 347,220,351,226,1 352,220,357,228,1 348,225,353,232,1 347,228,351,235,1 344,246,350,254,1 348,249,352,258,1 386,267,393,275,1 384,261,390,269,1 380,266,386,273,1 373,289,379,296,1 364,285,370,292,1 367,291,374,299,1 334,328,340,336,1 339,330,346,337,1 337,336,341,343,1 388,305,396,316,0 388,318,394,327,0
20211028_082644_030_jpg.rf.860a435f26efc3d95bd9bd8fe6c336df.jpg 0,53,73,116,0 26,121,86,259,0 80,33,180,335,0 150,252,239,329,0 223,118,319,166,0 123,59,291,213,0
20211028_082637_027_jpg.rf.83e48cc4a84d15d8c8f6c1f0abf82832.jpg 148,200,237,280,0 150,150,246,216,0 16,123,144,188,0 0,73,231,162,0 11,38,135,87,0 130,3,361,111,0
20211028_082644_020_jpg.rf.7b390b6658206dfaff35c3210d92af07.jpg 0,2,52,82,0 55,35,161,108,0 105,0,291,139,0 120,18,192,174,0 179,0,369,62,0 49,169,62,180,1 51,152,62,164,1 43,158,52,171,1 0,142,9,161,1 48,3,123,55,0
d--169-_jpg.rf.7cffb3dfb50e8d2738064477886a5979.jpg 266,70,280,89,1 230,70,245,89,1 215,66,227,82,1 228,58,241,67,1 235,42,249,56,1 235,4,247,18,1 179,129,200,153,1 181,155,196,175,1 214,373,228,392,1 275,404,295,415,1 398,307,416,339,1 274,379,285,392,1 280,370,291,383,1 272,367,282,384,1 309,264,324,277,1 317,257,328,268,1 288,254,300,267,1 291,244,301,255,1 272,217,279,227,1 263,208,272,225,1 261,262,273,279,1 335,26,415,196,0 359,7,415,95,0 254,67,314,170,0 261,137,377,266,0 155,174,371,310,0 168,206,267,330,0 140,194,207,314,0
20211028_082650_006_jpg.rf.728d8d1c88c90961ea72737179571b7c.jpg 173,255,183,270,1 310,152,325,174,1 367,124,378,143,1 149,305,156,318,1 139,305,149,321,1 224,287,236,299,1 223,302,232,312,1 216,291,226,302,1 170,207,210,335,0 199,199,388,416,0 221,130,312,206,0 263,66,357,182,0 275,14,416,167,0 382,41,415,109,0 184,30,303,126,0 175,71,242,189,0
n--1-_jpeg.rf.8370faa3e55aa4a5d47d930e2522eb84.jpg 216,6,415,376,0 162,264,415,415,0
d--142-_jpg.rf.72da5098bf41943e0e7a0bb430fddc04.jpg 44,71,60,94,1 45,125,70,145,1 312,36,336,61,1 399,81,416,98,1 343,3,361,27,1 308,10,326,26,1 258,45,273,67,1 209,152,231,172,1 102,320,113,339,1 87,318,102,336,1 96,334,110,349,1 107,399,120,415,1 116,399,132,414,1 31,380,60,404,1 16,303,31,317,1 6,299,20,317,1 8,289,24,305,1 6,272,24,284,1 138,0,295,43,0 191,6,415,160,0 289,123,416,188,0 219,218,350,288,0 204,316,333,367,0 56,29,249,332,0
20211028_082550_018_jpg.rf.7b7bd01c192922525d1d87fdded86670.jpg 315,237,374,350,0 232,146,346,256,0 240,185,285,266,0 241,263,303,318,0 173,184,253,264,0 137,101,271,262,0 44,50,231,182,0 54,0,239,78,0
20211028_082612_003_jpg.rf.8934358d7c7a382be5830aba25436f83.jpg 248,136,377,248,0 202,121,324,171,0 224,176,229,184,1 217,178,222,184,1 212,211,220,219,1 198,199,202,204,1 194,199,198,205,1 190,204,195,209,1 196,204,200,209,1 196,209,201,215,1 192,209,196,214,1 194,181,199,187,1 194,175,199,181,1 170,225,175,232,1 172,231,176,236,1 146,221,153,227,1 173,135,182,145,1 106,189,151,267,0 135,225,239,267,0 210,178,266,219,0 203,66,307,115,0 82,107,208,243,0 46,115,111,199,0 55,60,129,109,0 85,59,197,114,0
d--157-_jpg.rf.6d9631bfe2844b24ca72479387e1db55.jpg 70,81,83,102,1 354,35,370,45,1 389,17,402,40,1 378,22,390,39,1 374,150,387,169,1 352,78,366,94,1 320,127,329,136,1 316,132,324,143,1 308,138,320,152,1 305,123,320,138,1 296,192,312,212,1 156,172,167,191,1 168,208,177,219,1 90,133,104,158,1 39,101,54,118,1 32,110,38,126,1 83,186,95,206,1 82,210,94,228,1 121,346,132,369,1 46,282,58,296,1 209,89,220,103,1 12,218,22,230,1 19,242,29,256,1 12,242,19,250,1 10,232,17,243,1 12,251,19,261,1 3,247,13,259,1 19,371,33,389,1 34,394,46,408,1 60,399,68,411,1 68,400,78,412,1 77,402,85,415,1 84,403,91,416,1 90,395,99,406,1 94,406,104,414,1 96,391,106,398,1 116,406,128,415,1 175,157,284,333,0 345,221,416,310,0 247,66,352,161,0 262,0,343,39,0 250,91,385,291,0 161,11,415,125,0 21,112,130,254,0 7,324,111,404,0
20211028_082637_010_jpg.rf.857487efe5b96b2e4e56435a7e3883cf.jpg 220,256,235,268,1 339,238,349,255,1 375,260,388,274,1 259,295,266,307,1 250,291,260,305,1 248,305,260,317,1 144,172,203,295,0 141,0,243,147,0 192,84,324,171,0 148,139,317,344,0 260,286,315,381,0 288,99,392,383,0
20211028_082612_014_jpg.rf.74bf22fa42d1c7ce3108c4c55a025828.jpg 278,213,284,220,1 276,208,280,216,1 257,244,261,255,1 251,239,257,245,1 220,258,228,268,1 255,174,261,178,1 252,165,258,172,1 163,138,169,150,1 143,209,150,222,1 136,224,143,233,1 120,227,127,237,1 113,199,143,271,0 106,145,160,189,0 170,136,258,196,0 208,152,324,201,0 97,101,187,281,0 50,145,133,193,0 89,181,151,219,0 184,208,259,283,0
20211028_082612_028_jpg.rf.88b418efb1ffa3bd358ac848cf6faa6f.jpg 267,136,281,151,1 304,191,314,204,1 310,203,320,220,1 286,220,295,235,1 279,225,286,234,1 235,216,244,229,1 279,150,286,160,1 286,151,291,159,1 197,223,206,232,1 151,185,161,196,1 114,244,126,262,1 85,226,93,237,1 83,236,90,247,1 115,197,143,271,0 68,118,133,203,0 58,106,222,309,0 169,106,214,242,0 132,92,171,135,0 181,166,271,202,0 238,165,309,264,0 201,86,292,238,0
20211028_082650_021_jpg.rf.85c4602a08304ced5278dae76a6db3ee.jpg 232,237,251,264,1 190,202,206,230,1 219,162,311,279,0 198,7,292,144,0 268,0,379,159,0 251,135,371,223,0 303,139,415,378,0 212,255,303,331,0 156,241,176,272,1
d--192-_jpg.rf.8db0d83fa443ed3d8e6f85c9013a3f09.jpg 31,52,50,75,1 290,2,311,17,1 156,9,168,27,1 271,108,287,126,1 266,246,280,262,1 81,177,97,190,1 20,122,37,139,1 0,110,17,129,1 90,297,104,311,1 103,14,252,79,0 101,64,262,141,0 187,135,298,209,0 247,205,328,347,0 114,289,250,402,0 0,150,155,370,0 20,115,204,306,0 0,335,27,413,0
20211028_082625_015_jpg.rf.85ac11e2bab24e88986cd33f257180ca.jpg 26,175,47,195,1 274,24,288,47,1 156,87,172,105,1 10,239,25,260,1 1,245,10,258,1 71,209,79,219,1 72,219,79,228,1 73,226,82,236,1 258,138,266,147,1 280,154,288,164,1 287,157,295,166,1 298,31,305,40,1 293,36,299,49,1 220,76,339,362,0 127,234,250,332,0 86,192,166,288,0 166,112,213,272,0 165,36,258,177,0 99,46,157,160,0 61,25,141,286,0
d--26-_jpg.rf.9520bfb8ee9c3d63a5f566e70cf59063.jpg 65,171,70,174,1 60,173,64,176,1 63,175,68,178,1 62,186,67,189,1 64,189,68,192,1 61,190,64,192,1 59,187,63,190,1 63,191,69,195,1 58,193,63,197,1 60,207,63,210,1 58,210,62,212,1 55,207,59,210,1 54,209,57,212,1 51,212,55,215,1 56,211,59,214,1 54,213,57,217,1 57,214,61,217,1 59,216,62,219,1 55,217,59,220,1 91,205,96,209,1 95,208,99,213,1 90,209,94,213,1 86,224,90,226,1 82,224,86,227,1 83,221,88,223,1 88,221,92,225,1 81,225,85,229,1 77,222,82,225,1 78,225,82,229,1 79,228,82,231,1 83,228,87,230,1 85,227,89,229,1 89,224,93,227,1 92,222,96,224,1 90,219,95,223,1 115,262,120,267,1 117,266,121,269,1 121,266,125,269,1 120,263,124,266,1 123,264,129,267,1 134,271,139,275,1 131,272,135,276,1 127,272,131,275,1 123,273,126,276,1 133,256,136,260,1 136,258,140,261,1 134,261,137,264,1 130,259,134,261,1 129,255,133,259,1 147,239,152,243,1 163,264,167,267,1 174,262,178,265,1 212,286,218,292,1 138,217,146,222,1 160,224,164,228,1 155,225,159,227,1 157,228,161,231,1 153,226,158,229,1 154,229,157,233,1 152,229,154,232,1 149,226,153,229,1 147,229,152,232,1 170,230,174,234,1 173,230,178,234,1 178,230,184,233,1 180,233,185,237,1 192,242,197,246,1 201,232,209,236,1 212,238,219,242,1 213,245,220,250,1 166,369,170,374,1 166,376,170,380,1 183,376,189,379,1 192,375,197,379,1 198,375,202,378,1 215,372,224,376,1 222,333,227,338,1 223,320,229,325,1 228,370,233,373,1 232,370,237,373,1 236,366,240,370,1 240,368,248,372,1 241,348,245,351,1 258,341,264,345,1 264,362,274,367,1 255,333,262,339,1 274,334,282,340,1 267,270,273,274,1 280,273,286,276,1 297,226,303,230,1 298,230,303,233,1 314,284,322,289,1 311,294,318,298,1 342,279,352,283,1 330,262,337,269,1 304,322,311,326,1 331,333,338,337,1 332,339,337,343,1 330,356,336,360,1 289,312,293,315,1 289,315,293,318,1 286,314,290,317,1 373,348,378,351,1 378,348,381,351,1 381,348,385,351,1 391,345,397,350,1 407,340,411,344,1 398,323,405,327,1 367,302,374,306,1 384,251,390,258,1 410,196,414,201,1 407,193,412,195,1 406,186,411,190,1 405,189,411,193,1 410,189,413,192,1 412,186,416,188,1 413,189,415,194,1 121,146,126,151,1 120,151,126,155,1
20211028_082612_010_jpg.rf.907f4c062454353af6bbccbecd3bf52b.jpg 247,197,254,205,1 252,210,259,220,1 243,232,248,241,1 239,239,246,254,1 214,260,222,272,1 156,212,162,219,1 146,212,152,221,1 131,226,138,235,1 117,222,125,232,1 98,200,147,268,0 92,182,169,206,0 80,159,131,231,0 43,125,122,202,0 162,229,254,294,0 215,146,363,190,0 181,135,255,198,0 75,75,191,270,0
20211028_082650_003_jpg.rf.8b7a5283a56dc5dc0c429c150e495938.jpg 355,39,416,93,0 363,138,376,153,1 306,160,324,178,1 170,265,186,279,1 145,312,158,328,1 137,314,145,329,1 223,293,233,308,1 222,306,229,320,1 216,300,223,312,1 167,196,206,324,0 207,197,356,401,0 162,94,257,211,0 200,50,286,127,0 282,109,365,206,0 200,94,291,163,0 281,29,416,167,0
20211028_082650_019_jpg.rf.9388be899ae3d6de77483b9d3222d817.jpg 158,28,269,128,0 218,9,329,170,0 254,0,415,95,0 239,112,401,357,0 179,151,301,273,0 187,249,263,322,0 172,230,196,250,1 128,193,153,213,1 88,249,116,267,1
20211028_082637_029_jpg.rf.8e8f6ef8b0eb5dc25a03cf37cc930d63.jpg 164,96,178,114,1 109,75,127,95,1 250,206,259,220,1 242,205,248,219,1 271,129,278,137,1 269,138,275,146,1 262,139,269,149,1 161,167,259,243,0 115,242,229,295,0 38,153,157,221,0 0,106,228,180,0 7,0,83,117,0 54,62,175,118,0 88,0,138,51,0 166,45,378,110,0
20211028_082550_015_jpg.rf.8aff4014513efdf15238b8b55e73e9a7.jpg 39,43,247,167,0 121,83,245,278,0 179,179,247,278,0 226,181,267,272,0 237,246,304,346,0 302,220,357,323,0 235,153,335,248,0
20211028_082618_015_jpg.rf.9b07d5b327fc70706dfc0d7ec7bc0964.jpg 87,243,103,267,1 103,280,114,295,1 87,280,97,300,1 365,188,387,212,1 338,180,353,197,1 131,200,184,294,0 104,261,335,333,0 187,164,292,255,0 165,68,300,203,0 220,63,308,178,0 262,69,355,162,0 225,128,342,279,0
d--189-_jpg.rf.990c9f64dc002b42c4cab68c5a2a5297.jpg 206,223,304,347,0 150,37,270,146,0 34,53,203,263,0 72,0,219,109,0 0,26,88,342,0 0,328,39,356,0 73,242,200,330,0 244,82,258,106,1 98,216,125,244,1 55,115,75,128,1 59,18,71,39,1
20211028_082550_029_jpg.rf.a5a0916b555cfee1c4f27b58f1116802.jpg 199,244,289,325,0 242,185,304,281,0 314,229,402,306,0 260,130,364,243,0 176,115,333,163,0 145,163,223,234,0 49,71,255,149,0
20211028_082550_002_jpg.rf.96d553e537e17a44b71125ebce3cdc36.jpg 222,162,359,203,0 294,249,396,301,0 286,307,377,362,0 257,179,278,275,0 229,211,276,323,0 120,123,195,229,0 129,96,246,295,0 60,48,251,165,0 61,0,265,72,0
20211028_082612_017_jpg.rf.8e81620235af874d88f53798438c367d.jpg 99,157,134,236,0 77,92,196,287,0 161,139,171,150,1 162,197,172,209,1 141,205,149,218,1 138,225,147,232,1 120,229,127,238,1 183,244,190,254,1 220,251,235,267,1 259,243,269,253,1 265,236,274,244,1 288,216,294,224,1 294,218,299,227,1 262,165,269,175,1 264,158,269,167,1 206,144,339,201,0 167,124,248,204,0 225,172,256,250,0 128,153,175,189,0 112,189,152,266,0 53,146,144,204,0
20211028_082550_010_jpg.rf.a3bdcf89c3bcd747852e674f5a9487d4.jpg 137,85,236,300,0 192,168,250,262,0 221,169,362,198,0 241,181,281,257,0 242,263,317,377,0 291,231,384,312,0 112,114,210,200,0 66,33,244,175,0
20211028_082625_013_jpg.rf.a1d719b6d6366e4e16d4a2f6f1860e9a.jpg 27,179,47,200,1 121,97,135,116,1 160,88,175,110,1 277,149,292,164,1 289,156,302,179,1 68,213,79,223,1 70,222,78,231,1 69,230,82,243,1 7,242,17,259,1 1,248,8,262,1 166,32,242,235,0 160,127,213,270,0 221,105,341,370,0 116,217,239,293,0 101,90,207,144,0 69,32,162,271,0
20211028_082637_005_jpg.rf.9de472f948d5c1a94852b8e802c2678d.jpg 112,231,121,244,1 121,238,128,250,1 199,245,205,258,1 193,244,199,254,1 192,254,197,263,1 313,212,327,223,1 384,253,392,263,1 389,264,395,273,1 386,272,392,279,1 391,301,397,311,1 397,301,405,310,1 122,268,215,329,0 185,49,267,152,0 137,91,188,228,0 146,0,194,155,0 237,128,377,279,0 122,116,276,349,0
20211028_082618_028_jpg.rf.9cefd297c8d5ca1a60ff8cac0b20ebc9.jpg 129,128,160,154,1 308,141,342,169,1 63,276,153,339,0 163,90,255,247,0 203,171,323,271,0 204,75,296,183,0 303,100,415,344,0 142,12,341,109,0 89,0,136,110,0
20211028_082612_008_jpg.rf.a56844599978d776b611545bfa178325.jpg 148,206,157,217,1 154,218,162,226,1 134,224,142,235,1 117,220,128,231,1 166,228,172,239,1 198,229,208,242,1 215,218,226,228,1 173,220,247,277,0 76,94,192,257,0 123,177,209,219,0 95,193,151,272,0 46,127,115,213,0 186,129,261,181,0 239,150,366,197,0 42,58,125,113,0
20211028_082637_002_jpg.rf.8fb3fde82bdc53ae378378315cf4009b.jpg 126,9,190,154,0 140,51,213,161,0 196,67,262,160,0 199,104,357,253,0 132,191,143,207,1 239,179,253,191,1 389,178,402,191,1 347,232,359,246,1 81,215,89,231,1 90,217,99,231,1 110,190,153,293,0 54,126,235,309,0 299,177,346,272,0
20211028_082612_026_jpg.rf.a6b4646bdc9bcf87aa77158afb6c4bba.jpg 272,151,281,158,1 284,160,291,170,1 281,166,285,176,1 307,201,315,211,1 310,211,317,221,1 276,227,286,242,1 286,228,292,240,1 255,208,264,220,1 235,232,246,243,1 189,229,200,239,1 165,176,173,194,1 181,231,188,240,1 122,238,131,250,1 91,223,104,236,1 98,235,102,244,1 116,202,141,261,0 74,131,143,208,0 83,108,212,288,0 161,106,222,208,0 139,131,226,176,0 121,101,168,136,0 112,57,171,108,0 205,70,306,234,0 252,148,315,226,0
20211028_082644_013_jpg.rf.a1be8db958acefb92af53dc3f9d9ae07.jpg 0,1,158,119,0
20211028_082650_015_jpg.rf.9e6836b0e53fe61a702a7acaee83e4c2.jpg 11,214,33,237,1 70,246,78,256,1 63,255,69,263,1 73,267,78,272,1 92,238,180,288,0 84,113,184,247,0 96,2,163,95,0 59,31,198,122,0 125,5,236,121,0 303,76,334,100,1 200,0,367,85,0 292,0,352,45,0 112,116,306,369,1
20211028_082637_026_jpg.rf.a6f631698ec3c1d3d96480740a05b6ea.jpg 150,178,236,259,0 130,145,224,202,0 3,108,134,177,0 85,17,95,35,1 252,80,260,93,1 231,149,238,163,1 238,151,250,162,1 0,4,125,72,0 0,74,218,151,0 115,0,368,66,0
20211028_082644_008_jpg.rf.ad83e2d69c60f95554655bdeefeab2a1.jpg 337,167,359,183,1 300,217,329,245,1 389,184,402,208,1 306,60,415,145,0 329,0,394,97,0 247,0,336,82,0 115,20,255,147,0
20211028_082650_024_jpg.rf.ae8109104a3ffe47527a84e4552449d9.jpg 248,167,399,405,0 189,212,276,337,0 205,156,302,266,0 201,30,260,172,0 256,46,364,193,0 300,32,416,153,0 159,260,193,288,1 128,311,150,337,1
n--5-_jpg.rf.ad3f5f33c98da6793d71ee675b1293c0.jpg 9,14,416,377,0
20211028_082550_021_jpg.rf.b42c54c8fef5b068a739baf186c9fd78.jpg 45,44,251,169,0 111,91,304,225,0 171,187,236,246,0 242,182,288,270,0 230,264,314,324,0 248,129,341,248,0 332,205,366,314,0
20211028_082612_020_jpg.rf.b6110c3c7ba9f4baf4102e4aabb1c17d.jpg 267,166,271,173,1 267,174,272,180,1 293,220,298,226,1 297,224,301,230,1 270,242,276,248,1 267,247,271,254,1 226,256,235,266,1 180,249,189,258,1 161,200,170,210,1 139,212,148,222,1 135,228,142,239,1 118,236,127,246,1 160,143,168,155,1 195,136,323,233,0 217,155,271,248,0 149,145,247,201,0 71,161,125,193,0 71,187,124,248,0 112,211,151,273,0 83,111,197,318,0
d--149-_jpg.rf.b0beda680aaebc6cf3cf881f9b5746c0.jpg 9,93,29,125,1 304,334,311,349,1 289,337,301,354,1 280,340,296,356,1 127,369,137,384,1 94,372,113,388,1 32,227,267,369,0 257,168,346,294,0 216,106,348,215,0 146,0,306,180,0 109,113,182,261,0 109,165,204,230,0 10,315,21,325,1 10,326,19,340,1 4,321,13,330,1
20211028_082550_001_jpg.rf.8fa87ffbe2aa1093f97c28b5a870c81f.jpg 220,153,352,200,0 285,238,394,294,0 286,286,382,342,0 252,174,282,267,0 224,206,303,312,0 123,121,203,235,0 120,87,255,283,0 62,46,267,157,0 48,2,275,49,0
20211028_082612_013_jpg.rf.b52f15e77b552fefefeb1985671f9762.jpg 268,202,275,212,1 272,210,280,220,1 253,239,257,246,1 246,238,253,247,1 216,257,225,267,1 179,243,187,255,1 144,206,152,220,1 135,222,141,232,1 118,222,126,235,1 101,190,142,267,0 87,181,158,215,0 93,149,156,188,0 176,213,259,285,0 93,98,186,280,0 173,122,283,200,0 197,132,350,194,0
20211028_082625_014_jpg.rf.b3adc3acdb0d6bfee7c7bdeb870757c0.jpg 158,85,173,105,1 118,95,134,113,1 290,156,298,168,1 281,147,292,165,1 72,229,86,242,1 66,222,81,228,1 67,208,82,221,1 33,182,47,199,1 11,244,20,257,1 3,246,9,261,1 71,6,155,269,0 160,123,210,273,0 116,247,236,304,0 225,93,336,369,0 162,27,258,166,0
d--167-_jpg.rf.b52caf9ba7765cb47496534106ddbb00.jpg 283,32,300,49,1 365,0,381,14,1 304,83,319,100,1 258,47,270,60,1 260,57,268,73,1 269,2,280,22,1 271,0,290,6,1 247,68,258,79,1 233,81,249,97,1 239,118,251,140,1 309,209,323,226,1 316,221,328,235,1 385,254,398,274,1 374,261,390,277,1 399,399,414,415,1 339,261,355,283,1 346,283,364,304,1 268,232,281,247,1 243,320,257,337,1 279,358,290,377,1 270,357,280,375,1 274,343,283,355,1 266,333,276,348,1 274,331,285,342,1 173,361,183,379,1 144,357,155,367,1 101,388,109,398,1 102,398,113,411,1 95,397,101,408,1 87,396,96,407,1 83,398,88,406,1 75,394,82,405,1 67,394,76,404,1 61,391,71,404,1 52,391,61,402,1 79,386,87,397,1 93,387,101,397,1 371,53,415,225,0 313,46,415,177,0 308,122,415,238,0 255,71,318,143,0 222,34,321,281,0 207,171,247,289,0 157,130,265,272,0
20211028_082618_025_jpg.rf.afa49a676c291cd8eff51b0e0e32f960.jpg 60,233,80,257,1 73,281,92,309,1 58,289,71,308,1 116,220,219,299,0 231,46,293,234,0 254,4,416,136,0 358,86,394,188,0 335,181,416,370,0
d--80-_jpg.rf.afee9423a057da5b13676817760ab4e5.jpg 85,286,90,290,1 68,284,71,290,1 84,265,86,271,1 75,226,79,229,1 75,222,78,226,1 95,198,98,202,1 93,194,96,197,1 95,173,100,178,1 186,26,193,32,1 204,12,208,16,1 195,305,199,310,1 180,302,185,308,1 244,23,252,33,1 288,291,294,298,1
20211028_082644_001_jpg.rf.ad77536bde93df825dd1ee1fc11f411c.jpg 190,64,362,180,0 295,152,416,275,0 323,78,415,187,0
n--6-_jpg.rf.c5c074d5456bc9a26ad917dabf189ec2.jpg 10,14,411,375,0
20211028_082625_022_jpg.rf.c2f96b9687193eb9516942aa0d781252.jpg 115,100,130,122,1 276,32,289,50,1 288,163,298,176,1 281,158,288,169,1 29,168,42,193,1 11,236,25,255,1 3,243,12,256,1 69,202,81,213,1 73,213,81,223,1 76,222,83,230,1 299,37,307,45,1 295,41,299,49,1 26,283,72,375,0 125,115,169,239,0 163,100,198,232,0 204,161,282,283,0 194,50,256,168,0 126,42,241,153,0 214,27,357,354,0 10,54,172,290,0
20211028_082625_017_jpg.rf.b6ac59ce3b830c33106f8b40e83f616e.jpg 118,97,130,114,1 270,25,287,41,1 157,87,171,102,1 26,168,47,191,1 286,154,296,170,1 273,146,287,160,1 11,238,19,250,1 0,242,10,256,1 69,205,80,214,1 70,215,79,222,1 74,223,82,232,1 27,288,76,357,0 149,215,253,310,0 107,173,170,284,0 157,108,207,281,0 99,36,177,142,0 152,42,247,204,0 56,35,150,284,0 224,73,325,367,0
20211028_082612_018_jpg.rf.bb45cc9194b86a8c494bf8184189802f.jpg 264,172,269,179,1 291,218,295,227,1 296,223,302,233,1 266,241,272,249,1 263,247,269,256,1 227,256,234,267,1 182,247,189,257,1 164,202,171,209,1 142,212,150,220,1 137,226,145,237,1 117,232,127,244,1 161,142,171,154,1 262,162,271,171,1 59,154,142,213,0 89,158,132,277,0 115,214,152,265,0 126,137,175,194,0 80,112,194,291,0 156,125,246,211,0 224,165,274,236,0 194,129,338,205,0
20211028_082625_009_jpg.rf.c0f929b1ea66a2f7a47185d4db485434.jpg 110,100,125,121,1 150,88,164,113,1 265,28,275,52,1 281,40,289,50,1 287,36,302,46,1 17,196,33,212,1 53,222,67,235,1 54,235,66,245,1 58,243,69,253,1 239,127,251,138,1 245,140,253,152,1 253,141,259,152,1 272,152,281,166,1 280,158,288,168,1 120,152,174,292,0 67,20,173,263,0 88,276,204,325,0 221,133,376,371,0 157,33,228,165,0 178,95,280,182,0 154,149,220,255,0
20211028_082650_025_jpg.rf.c9f4ae8faa4a427147cc56ac96aad5da.jpg 129,267,146,303,1 86,331,123,356,1 169,307,191,336,1 402,158,415,180,1 156,208,262,341,0 187,154,278,255,0 180,42,239,194,0 200,33,341,190,0 280,40,415,161,0 344,31,415,96,0 205,332,271,388,0 211,152,385,408,0
20211028_082550_030_jpg.rf.c33cdeed982af8dfecd7ff7f590307dc.jpg 34,46,269,133,0 177,118,344,167,0 139,148,224,216,0 250,186,308,299,0 304,214,393,291,0 276,176,364,233,0 201,233,291,324,0
20211028_082650_012_jpg.rf.bdd66dd0945a3248a5f6046abd0caa78.jpg 82,206,103,229,1 48,260,72,283,1 114,97,206,230,0 115,244,207,271,0 153,129,350,373,0 99,43,218,114,0 172,26,270,115,0 200,0,383,116,0 373,92,396,105,1 135,238,149,257,1
20211028_082637_017_jpg.rf.c5f64aa2e673c3e59cdceed3b0cfe852.jpg 27,0,107,107,0 0,57,227,210,0 164,131,225,275,0 16,125,150,251,0 201,111,267,180,0 153,5,356,129,0 359,90,373,115,1 339,157,367,181,1
20211028_082612_016_jpg.rf.b7d1cc446089aeb3135ebb1974f5df0e.jpg 166,196,173,208,1 143,205,151,217,1 138,220,145,233,1 120,224,128,236,1 182,244,191,253,1 225,254,233,264,1 260,234,268,242,1 261,241,267,248,1 290,212,295,222,1 286,211,291,219,1 163,139,170,148,1 159,111,265,201,0 193,138,355,187,0 225,171,255,277,0 117,149,169,190,0 99,160,127,224,0 61,149,143,209,0 118,189,150,261,0 82,96,193,299,0
20211028_082650_005_jpg.rf.b879380bd55629ae6385e47e6282085c.jpg 170,258,186,274,1 165,192,210,333,0 224,289,235,306,1 223,302,231,319,1 217,291,225,309,1 145,310,155,325,1 133,313,142,325,1 308,158,326,177,1 361,127,380,154,1 369,32,416,107,0 283,18,415,159,0 276,84,356,180,0 243,103,314,208,0 201,43,303,135,0 189,60,248,213,0 208,194,376,415,0
20211028_082612_027_jpg.rf.c6a6a6f9c1991c7bee92c38e25382c26.jpg 271,141,282,157,1 284,156,293,166,1 280,163,287,175,1 310,200,315,208,1 311,209,319,218,1 286,223,294,236,1 281,231,287,242,1 234,227,247,239,1 191,225,204,242,1 121,243,130,258,1 157,181,164,190,1 89,237,98,246,1 90,225,100,236,1 119,98,176,137,0 240,145,326,246,0 176,142,235,200,0 162,109,214,219,0 118,201,142,274,0 68,122,132,211,0 65,112,223,300,0 204,91,299,245,0
20211028_082644_014_jpg.rf.b771c80fdda91c888e35a55e31407c38.jpg 99,160,116,180,1 91,165,102,182,1 127,98,146,121,1 191,111,202,126,1 182,116,193,129,1 190,124,203,143,1 224,40,342,139,0 269,0,369,170,0 210,0,255,77,0 162,0,217,114,0 0,0,145,87,0
20211028_082618_001_jpg.rf.be612fb29a2c915b6c9ca1bbc49f4932.jpg 256,92,269,111,1 275,99,282,107,1 276,106,281,113,1 267,191,277,203,1 272,206,280,216,1 280,199,288,209,1 300,198,307,208,1 304,189,311,200,1 202,179,211,193,1 168,220,183,230,1 116,331,127,344,1 123,342,128,350,1 130,343,137,352,1 78,344,88,357,1 51,334,60,345,1 56,357,66,372,1 72,198,127,334,0 38,163,241,318,0 83,121,203,180,0 107,126,166,192,0 221,131,287,188,0 134,141,291,243,0 236,244,313,303,0
d--180-_jpg.rf.ca5762a4aba7ea5d5e9f101b6db2a0f8.jpg 52,114,73,140,1 178,13,187,26,1 154,71,169,87,1 128,80,143,90,1 125,92,137,101,1 122,107,135,121,1 97,107,105,122,1 102,117,111,133,1 97,122,104,134,1 88,117,99,126,1 28,155,44,175,1 0,178,12,193,1 3,192,13,205,1 0,205,12,217,1 131,278,145,299,1 322,177,337,194,1 170,356,184,372,1 161,349,174,366,1 170,185,181,199,1 166,193,173,206,1 157,194,166,205,1 151,194,159,209,1 217,0,226,9,1 292,90,415,164,0 215,28,351,86,0 207,0,356,40,0 104,34,159,164,0 0,84,76,148,0 150,157,244,312,0 113,17,384,206,0 168,196,405,295,0 214,329,356,403,0
20211028_082625_018_jpg.rf.cc2aaab8c6f95d0c238de025c1cc6c5e.jpg 276,150,287,168,1 273,29,287,49,1 157,87,172,106,1 117,99,133,112,1 30,172,52,196,1 287,160,295,170,1 12,240,20,251,1 5,240,12,257,1 72,206,80,216,1 73,215,80,225,1 76,222,83,232,1 226,65,335,384,0 190,205,245,317,0 104,24,206,93,0 153,53,239,212,0 159,109,204,268,0 116,155,173,278,0 14,281,82,369,0 47,20,154,310,0
20211028_082618_014_jpg.rf.d15fc12497467a69469677e6a1df7832.jpg 69,246,79,266,1 85,284,96,297,1 70,287,79,301,1 201,162,216,178,1 312,164,320,174,1 313,179,323,191,1 341,185,348,195,1 145,278,152,289,1 134,269,142,277,1
n--11-_jpg.rf.baa926183d870dda470afeccf871dc67.jpg 0,61,157,362,0 225,0,415,218,0 65,143,246,356,0
20211028_082644_011_jpg.rf.cbcd54837254d86fbf723b41886dfc07.jpg 26,4,196,140,0 200,0,275,127,0 264,0,327,138,0 323,0,373,108,0 308,0,415,147,0 232,134,250,154,1 197,190,205,209,1 208,193,222,212,1 291,164,307,179,1 282,154,299,165,1 294,148,306,158,1
d--35-_jpg.rf.ceae7db03faf40b6c16f58d8b1196c49.jpg 80,226,84,229,1 84,225,89,228,1 106,360,110,363,1 101,358,105,361,1 104,356,106,359,1 100,355,103,358,1 106,353,110,357,1 139,363,142,366,1 137,360,142,362,1 129,346,134,350,1 132,349,136,351,1 108,293,112,296,1 108,296,112,299,1 105,293,109,296,1 134,299,139,302,1 130,296,134,300,1 134,294,139,298,1 139,286,143,290,1 135,284,138,288,1 136,284,142,287,1 186,276,193,282,1 145,276,150,280,1 102,326,105,329,1 103,329,107,331,1 200,286,207,291,1 55,300,60,303,1 56,298,60,301,1 59,296,64,299,1 56,295,59,298,1 53,298,55,301,1 52,301,55,304,1 54,304,58,306,1 60,301,63,304,1 62,304,65,306,1 58,304,60,307,1 69,285,73,287,1 65,285,68,287,1 67,288,71,290,1 62,286,65,288,1 63,289,66,291,1 66,291,69,294,1 66,293,70,295,1 62,292,65,294,1 66,282,70,284,1 98,326,101,328,1 90,329,93,331,1 92,326,96,329,1 95,325,99,328,1 99,329,102,331,1 95,328,97,330,1 97,331,99,332,1 94,330,96,333,1 90,331,93,334,1 86,330,89,333,1 85,327,89,330,1 88,325,91,328,1 262,411,268,415,1 268,407,272,411,1 275,408,279,411,1 286,401,292,405,1 292,397,295,402,1 297,396,301,400,1 315,387,318,390,1 317,384,320,388,1 320,383,323,386,1 323,381,327,385,1 329,378,332,383,1 332,376,335,381,1 263,358,270,362,1 259,346,269,350,1 264,339,269,344,1 273,328,282,337,1 282,324,289,331,1 317,301,322,307,1 249,312,257,316,1 253,332,259,337,1 357,299,363,303,1 351,294,356,297,1 350,297,355,301,1 367,281,375,286,1 375,286,379,289,1 372,287,375,291,1 234,287,241,292,1 232,291,237,295,1 316,274,319,275,1 312,271,318,274,1 311,267,317,271,1 389,242,396,249,1
d--66-_jpg.rf.c075b17e34bb8f2da4751ec475cbb544.jpg 309,120,316,127,1 285,98,290,105,1 291,188,297,196,1 324,335,330,344,1 298,281,306,290,1 44,154,49,160,1 49,158,53,164,1 69,297,77,306,1 37,407,44,413,1
n--3-_jpg.rf.d5de8d4557aa5274fabe27c07011d3ed.jpg 64,51,401,415,0
20211028_082612_006_jpg.rf.d50b3ee4400237d0d6a5ed7e2cbf1737.jpg 169,137,177,144,1 215,214,226,223,1 222,172,227,178,1 220,176,224,183,1 158,224,164,230,1 145,228,153,235,1 129,219,139,229,1 149,228,254,280,0 239,151,359,242,0 191,129,282,183,0 188,61,302,117,0 222,62,329,113,0 51,58,125,115,0 80,101,196,234,0 38,116,112,200,0
20211028_082650_029_jpg.rf.d4d7adee9f82df16d8b45e71bfc0fe59.jpg 123,124,138,148,1 169,79,188,96,1 156,87,305,386,0 113,25,265,134,0 195,3,408,120,0 43,53,183,143,0 74,113,183,221,0 68,229,203,310,0
20211028_082637_024_jpg.rf.d821674a6b1b88faec91b8644453336b.jpg 170,244,170,244,0 173,137,241,233,0 106,141,209,201,0 2,81,123,158,0 0,58,219,142,0 0,0,98,48,0 108,0,319,51,0 100,6,107,21,1 263,68,272,82,1 249,136,256,152,1 243,132,249,146,1
20211028_082637_030_jpg.rf.ddacfd226e915359e8475d7386fbc209.jpg 167,91,182,110,1 115,65,127,87,1 0,0,80,115,0 276,123,285,135,1 275,132,284,146,1 268,133,275,144,1 247,203,254,214,1 254,204,260,219,1 0,161,7,181,1 118,234,226,308,0 182,149,265,250,0 28,138,162,216,0 56,44,177,107,0 176,31,385,136,0 0,104,236,173,0
20211028_082550_009_jpg.rf.d9ce4417a5932249523cb36eeade78bf.jpg 66,36,238,176,0 76,3,262,66,0 136,87,254,278,0 113,111,195,180,0 204,182,252,264,0 228,172,361,218,0 239,180,285,260,0 267,273,324,360,0 286,245,377,315,0
20211028_082644_023_jpg.rf.ea02ae17ec9254df925efdc933c76d33.jpg 99,52,167,215,0 12,47,123,138,0 0,30,104,87,0 139,0,376,67,0 38,0,247,171,0 123,280,145,300,1 0,177,23,212,1
20211028_082644_026_jpg.rf.d507b713f08cd10c57348ce4321fb552.jpg 246,0,305,93,0 96,39,294,123,0 198,128,207,146,1 34,3,218,215,0 189,135,199,149,1 183,42,191,54,1 188,52,198,62,1 185,63,194,77,1 303,260,316,278,1 26,101,43,121,1 88,336,102,360,1 41,156,151,248,0 1,107,133,199,0
d--177-_jpg.rf.dfb103b5419a9a68b1eb05b14e7b6235.jpg 320,87,415,131,0 174,43,415,133,0 263,3,354,59,0 183,7,272,57,0 164,166,250,289,0 128,169,380,260,0 238,303,379,373,0 0,57,92,133,0 14,173,24,186,1 27,178,35,193,1 26,194,37,209,1 41,167,54,182,1 46,122,57,138,1 87,114,94,124,1 87,106,96,114,1 95,104,103,115,1 97,114,106,124,1 114,96,123,106,1 117,83,128,96,1 133,91,144,102,1 154,45,166,60,1 146,28,160,44,1 199,153,208,164,1 207,153,215,164,1 213,155,219,165,1 219,147,227,159,1 223,308,233,324,1 232,303,243,317,1 386,130,398,144,1 350,158,360,170,1 361,165,368,172,1 352,170,361,182,1 359,176,366,186,1 366,171,373,181,1 366,182,373,192,1
d--15-_jpg.rf.def24faf2a5d2ab255aa4fc7c92c91c6.jpg 35,84,40,90,1 39,82,43,88,1 38,88,41,93,1 42,85,45,91,1 44,84,48,89,1 46,86,50,91,1 44,90,47,95,1 41,90,45,96,1 38,92,42,99,1 41,95,46,101,1 39,99,43,105,1 45,95,48,101,1 47,91,51,97,1 47,97,52,103,1 72,158,79,166,1 9,249,14,255,1 5,257,9,262,1 2,258,6,264,1 5,262,9,267,1 3,266,8,272,1 6,271,10,275,1 4,270,8,278,1 2,272,6,279,1 0,275,2,282,1 18,273,25,282,1 26,248,30,256,1 30,252,34,258,1 19,313,24,320,1 35,289,43,297,1 54,280,58,289,1 40,225,45,231,1 50,236,53,243,1 53,235,58,244,1 57,237,61,243,1 76,231,80,237,1 70,215,75,221,1 105,113,111,121,1 102,118,107,127,1 99,107,104,113,1 103,103,108,110,1 101,101,105,109,1 104,99,109,104,1 104,93,108,99,1 101,98,105,102,1 100,93,104,98,1 98,98,101,104,1 97,93,101,98,1 117,68,122,74,1 116,72,122,78,1 118,77,122,81,1 114,74,119,83,1 127,157,131,164,1 130,162,134,169,1 126,162,130,170,1 130,100,135,105,1 136,96,141,102,1 141,96,149,102,1 135,101,138,107,1 139,101,143,107,1 136,105,139,111,1 133,105,136,110,1 139,105,143,112,1 134,108,138,115,1 136,114,139,120,1 138,110,142,115,1 142,109,146,116,1 142,115,147,120,1 138,115,142,123,1 191,144,195,151,1 175,183,179,188,1 171,182,176,188,1 168,182,171,187,1 169,187,173,192,1 172,187,177,192,1 174,193,178,197,1 171,192,173,197,1 167,190,171,196,1 172,197,175,202,1 215,204,222,211,1 222,92,228,100,1 232,116,237,121,1 230,122,235,128,1 236,123,244,130,1 232,125,237,132,1 237,129,241,135,1 232,131,237,137,1 236,134,242,142,1 222,159,227,165,1 226,155,231,162,1 231,159,233,163,1 227,161,231,169,1 230,164,235,170,1 250,244,259,253,1 262,272,267,281,1 291,274,297,282,1 288,277,291,286,1 251,186,256,194,1 249,179,253,186,1 243,182,247,188,1 247,183,250,188,1 248,186,253,190,1 247,190,251,196,1 243,187,248,192,1 296,226,301,237,1 306,235,310,242,1 311,238,314,246,1 311,233,315,238,1 314,237,319,244,1 315,232,319,237,1 318,277,328,283,1 320,238,326,245,1 318,232,323,238,1 322,229,326,233,1 322,235,326,240,1 325,232,330,237,1 328,235,332,242,1 326,238,329,244,1 344,219,350,226,1 350,220,355,228,1 347,225,351,231,1 352,226,355,232,1 347,230,353,236,1 353,233,358,237,1 349,236,355,242,1 346,239,351,245,1 344,255,349,265,1 348,259,354,266,1 305,294,312,301,1 333,340,341,349,1 337,345,343,353,1 340,339,347,346,1 364,295,370,303,1 369,302,374,308,1 373,300,380,307,1 377,272,386,284,1 387,278,393,287,1 385,271,390,279,1
n--12-_jpg.rf.d712bf51a924b0074de6d65e16fd8c90.jpg 142,77,187,223,0 0,93,129,183,0 33,158,130,372,0 94,156,177,356,0 151,133,236,381,0 191,167,320,261,0 192,169,314,309,0 181,117,288,241,0 175,105,296,163,0 325,145,406,405,0
20211028_082550_020_jpg.rf.ce317f3bfd70cc8f764362149a388d5d.jpg 137,102,282,243,0 171,187,255,243,0 239,187,287,271,0 232,272,307,329,0 226,131,346,247,0 325,223,371,337,0 39,48,234,184,0
20211028_082625_027_jpg.rf.e61bf04014fc1a983c20e53b924c0360.jpg 49,175,65,200,1 135,110,154,131,1 176,102,191,119,1 294,38,308,62,1 90,205,102,215,1 32,244,41,252,1 24,245,32,258,1 93,215,101,225,1 97,222,104,233,1 262,137,272,147,1 270,150,274,157,1 274,153,280,161,1 299,170,305,178,1 305,172,311,182,1 19,283,116,378,0 130,99,225,157,0 115,72,254,123,0 182,99,228,202,0 219,148,296,217,0 256,102,333,220,0 171,12,367,195,0 0,90,204,248,0
20211028_082637_009_jpg.rf.d65a98acc6fdf2acbf7d0e9bb91da1ba.jpg 214,244,226,262,1 370,254,381,268,1 241,295,247,307,1 243,282,250,296,1 251,285,261,297,1 152,0,235,140,0 204,86,308,161,0 148,149,225,274,0 250,296,319,367,0 299,109,406,375,0 127,136,316,355,0
20211028_082625_019_jpg.rf.e58ca5b88cca12e2372b5404af8d7d0c.jpg 117,99,131,120,1 273,27,289,42,1 160,91,171,102,1 28,167,48,194,1 11,236,25,252,1 0,241,13,256,1 70,201,87,213,1 71,213,82,221,1 77,221,87,231,1 280,155,287,164,1 287,158,295,167,1 298,34,306,44,1 294,38,299,46,1 193,177,276,308,0 168,109,202,247,0 133,153,174,256,0 136,42,240,90,0 240,57,331,374,0 145,62,249,199,0 54,29,162,293,0 22,277,107,374,0
20211028_082625_005_jpg.rf.e01d9de6b532f3bfd3808deef98ad5b3.jpg 180,51,217,274,0 213,52,288,152,0 203,182,375,390,0 134,280,198,372,0 96,202,199,289,0 126,140,222,249,0 55,4,189,265,0 260,36,269,48,1 284,38,292,49,1 278,42,285,51,1 269,161,276,173,1 276,162,284,173,1 246,147,254,159,1 240,148,247,159,1 235,133,247,146,1 147,97,158,112,1 105,108,117,126,1 0,212,9,232,1 37,240,48,255,1 37,253,48,262,1 40,261,54,271,1
n--13-_jpg.rf.def6d8046c7fdc273d3bea2661a6d48d.jpg 10,75,388,406,0
20211028_082644_029_jpg.rf.dfd10bb3a35c2647baa1b00150a07645.jpg 94,243,213,328,0 39,155,53,175,1 194,187,207,205,1 198,177,215,194,1 186,113,202,132,1 222,95,298,157,0 104,57,291,204,0 67,29,187,302,0 3,123,91,237,0
20211028_082650_014_jpg.rf.caeb7315cee815520f5d07a5f4f8d03e.jpg 100,104,198,248,0 99,241,192,303,0 139,120,325,384,0 81,19,199,114,0 109,1,172,81,0 133,0,258,112,0 189,0,385,95,0 306,0,376,51,0 32,208,51,235,1 89,242,99,254,1 83,248,90,259,1 90,257,96,266,1 11,275,21,287,1 2,273,9,288,1
20211028_082612_005_jpg.rf.ea53225d6fc41e9ed84cfbc0a80f953a.jpg 168,133,177,142,1
d--133-_jpg.rf.de012f18be2a6afcba362b3469578c01.jpg 391,149,401,162,1 74,120,93,145,1 180,109,198,131,1 227,155,240,174,1 141,164,150,187,1 163,223,177,241,1 127,187,142,205,1 111,227,138,252,1 64,269,81,293,1 238,220,264,245,1 282,281,295,310,1 398,106,416,134,1 296,84,318,120,1 247,94,263,115,1 250,2,273,24,1 49,19,70,44,1 223,222,293,323,0 144,251,242,346,0 181,203,402,382,0 211,132,291,224,0 133,88,227,150,0 104,55,245,120,0 147,7,295,84,1 69,151,79,162,0 65,161,77,170,1 77,157,84,169,1 82,162,89,173,1 75,166,81,177,1 81,171,90,181,1
20211028_082625_016_jpg.rf.e50c8323955c0c2ef7d1aef8dd45f839.jpg 164,112,210,262,0 98,182,171,292,0 145,222,256,327,0 147,28,241,194,0 84,38,157,143,0 59,27,142,290,0 155,80,172,107,1 115,97,130,110,1 24,174,47,195,1 7,241,16,254,1 0,243,8,258,1 237,257,294,261,1 66,206,79,218,1 70,215,77,224,1 72,223,80,235,1 280,151,287,162,1 288,156,296,164,1 229,84,317,363,0
d--135-_jpg.rf.df9d9f2038216cbc2032f10223b09f63.jpg 359,81,373,100,1 406,43,415,69,1 369,16,381,34,1 386,0,397,7,1 341,70,352,92,1 344,128,360,152,1 344,171,355,194,1 260,134,282,161,1 230,165,250,198,1 229,101,241,118,1 204,80,218,101,1 221,112,231,132,1 203,136,217,151,1 169,114,181,129,1 250,276,267,294,1 100,248,118,266,1 42,222,59,245,1 0,266,24,296,1 150,326,164,344,1 128,312,141,327,1 123,322,133,331,1 126,330,136,343,1 132,326,140,333,1 137,326,145,334,1 133,332,141,343,1 139,332,147,345,1 95,400,104,411,1 104,404,113,414,1 344,101,415,227,0 269,42,372,127,0 251,2,379,62,0 76,1,231,45,0 85,49,252,130,0 76,95,301,204,0 45,153,199,319,0 97,340,223,411,0 9,317,79,416,0
20211028_082550_025_jpg.rf.eb60f9d2e0559b914c51a5d6ddb7fa40.jpg 140,173,246,260,0 240,199,293,272,0 203,258,305,331,0 248,132,353,253,0 331,223,401,342,0 158,100,308,184,0 67,81,263,152,0
d--186-_jpg.rf.eadd9cae15e8556baf97a7093c0c87d4.jpg 61,9,69,21,1 68,17,74,27,1 52,18,61,28,1 61,23,70,34,1 56,31,67,43,1 45,85,56,98,1 43,96,52,109,1 37,94,44,103,1 26,89,36,101,1 3,190,19,210,1 43,226,55,238,1 35,237,49,253,1 138,142,155,152,1 133,152,151,163,1 134,163,144,174,1 130,172,144,182,1 68,198,84,208,1 196,49,217,69,1 275,135,296,153,1 8,161,84,279,0 55,167,216,247,0 35,0,285,220,0 239,0,396,92,0 234,36,356,122,0 226,210,350,365,0
20211028_082625_026_jpg.rf.f3c84b926f6db6ab69cf094aa5c5c89f.jpg 44,179,55,192,1 285,40,299,58,1 254,131,265,145,1 128,107,143,128,1 25,239,37,255,1 17,246,25,258,1 84,205,92,215,1 84,213,93,222,1 88,222,97,231,1 299,169,305,180,1 292,163,300,175,1 308,50,313,57,1 312,45,318,52,1 116,62,251,132,0 175,103,219,217,0 129,80,205,175,0 232,134,271,233,0 265,115,312,251,0 0,85,206,251,0 170,4,363,238,0
20211028_082625_023_jpg.rf.d472176b3e824c282853ad9b74596d5f.jpg 114,101,134,121,1 271,36,287,53,1 34,177,43,191,1 296,40,303,49,1 292,46,298,53,1 72,205,81,214,1 75,213,82,223,1 77,221,84,231,1 12,240,20,251,1 5,245,13,255,1 31,286,76,375,0 214,58,254,204,0 216,149,293,259,0 119,63,238,125,0 163,108,207,239,0 133,103,170,214,0 19,54,190,265,0
20211028_082625_028_jpg.rf.f3cd9dc8bcc43b3262f9bc769fd01a63.jpg 15,110,204,237,0 203,180,285,225,0 161,110,234,153,0 108,81,281,118,0 262,90,309,190,0 169,13,373,184,0 62,180,72,192,1 32,246,41,254,1 41,241,48,250,1 313,172,319,181,1 307,170,314,177,1 269,136,282,145,1 304,45,311,55,1 326,45,334,53,1 324,52,329,63,1
d--191-_jpg.rf.eb72d23029459b6107450e3d4577ff9e.jpg 224,56,240,76,1 237,192,252,211,1 69,57,84,74,1 39,162,60,188,1 67,284,87,306,1 229,92,235,105,1 222,97,227,107,1 225,106,234,118,1 215,101,224,118,1 159,82,274,184,0 208,218,309,366,0 89,282,216,385,0 18,76,153,309,0 74,48,213,129,0 63,0,217,54,0 0,127,112,380,0
20211028_082650_007_jpg.rf.f1a982669bc56c8492dd68242c1c2588.jpg 205,112,337,213,0 160,73,246,189,0 203,30,323,155,0 258,54,345,141,0 276,8,415,181,0 367,25,415,106,0 177,249,193,264,1 166,197,214,320,1 200,188,397,412,1 153,298,160,313,1 145,301,153,312,1
20211028_082550_012_jpg.rf.ea6ee63f076e5b1bc41e698485b4cf70.jpg 46,38,236,194,0 135,88,210,159,0 112,82,242,292,0 195,177,246,263,0 227,140,342,239,0 221,178,269,289,0 251,257,316,368,0 287,234,375,302,0
20211028_082550_016_jpg.rf.f8fe4da6ea39af9a3c47c3119be08d11.jpg 112,85,263,243,0 53,35,230,191,0 181,172,248,277,0 239,179,270,269,0 232,130,339,243,0 306,213,370,336,0 235,253,295,324,0
d--165-_jpg.rf.ed443980b5ed8d1a8bba96aec5822695.jpg 122,282,137,302,1 302,213,319,233,1 292,263,307,281,1 268,230,288,246,1 326,262,350,287,1 334,308,356,329,1 370,309,392,340,1 364,381,383,397,1 221,147,237,171,1 220,228,232,242,1 202,305,213,320,1 216,306,228,322,1 209,320,220,332,1 211,331,228,349,1 222,392,239,411,1 57,366,66,378,1 71,369,79,379,1 78,371,86,382,1 80,379,89,391,1 70,377,80,391,1 65,379,72,389,1 59,380,68,387,1 45,373,50,385,1 39,373,45,386,1 29,370,40,383,1 205,40,225,59,1 217,64,229,79,1 218,85,228,98,1 226,82,236,96,1 250,6,261,21,1 236,5,250,21,1 133,111,225,241,0 195,116,241,276,0 268,123,385,317,0 372,136,416,271,0 334,48,402,125,0 202,0,353,181,0 230,26,416,178,0
20211028_082625_021_jpg.rf.f32257d763ad1bcb7d0152fde2104284.jpg 121,99,135,117,1 276,34,286,47,1 161,93,175,111,1 32,167,48,189,1 15,237,26,253,1 4,241,15,255,1 73,198,84,213,1 74,213,84,221,1 77,222,87,230,1 247,127,257,137,1 252,142,258,151,1 257,142,265,154,1 281,159,287,167,1 287,162,295,172,1 294,43,299,52,1 300,38,305,46,1 178,35,252,144,0 137,60,244,157,0 170,105,203,240,0 130,128,180,251,0 192,165,275,284,0 39,51,180,289,0 23,281,76,369,0 224,41,334,341,0
20211028_082550_004_jpg.rf.f1e08fc5bbdaf6868e20c07f66ae112e.jpg 68,35,275,173,0 109,96,198,228,0 122,90,240,281,0 210,191,274,317,0 233,184,285,264,0 289,250,376,302,0 229,162,360,213,0 265,292,353,360,0
d--164-_jpg.rf.fcae899418f4c697f7861d01aacd8ec1.jpg 202,31,214,46,1 400,183,415,205,1 284,248,298,264,1 298,277,315,296,1 283,303,297,325,1 253,267,272,289,1 219,231,235,254,1 179,232,195,251,1 254,112,268,128,1 194,87,208,105,1 188,106,198,123,1 179,104,191,120,1 166,56,181,76,1 83,306,101,325,1 170,383,192,403,1 299,377,321,401,1 300,313,323,341,1 50,373,59,381,1 41,371,49,381,1 29,369,37,376,1 2,373,10,385,1 9,373,19,385,1 16,375,24,385,1 23,377,30,387,1 29,378,37,388,1 37,380,45,390,1 46,382,53,392,1 52,380,63,392,1 165,303,172,313,1 153,306,166,318,1 174,312,182,324,1 167,314,173,327,1 159,318,166,326,1 351,147,402,298,0 248,144,367,322,0 188,37,370,216,0 192,78,234,267,0 118,83,210,245,0 212,0,373,103,0 220,94,320,131,0
d--173-_jpg.rf.ec6661cae93ae31d970b62e52c69bf3f.jpg 289,20,305,39,1 296,59,307,74,1 301,78,312,88,1 262,114,277,131,1 257,134,272,155,1 192,205,208,227,1 240,199,255,217,1 256,216,268,233,1 272,233,283,254,1 311,214,328,233,1 309,181,322,204,1 298,245,314,263,1 283,263,296,279,1 295,275,306,294,1 330,307,347,327,1 359,302,378,325,1 333,327,347,344,1 353,362,370,375,1 359,375,372,392,1 291,397,303,416,1 210,291,331,409,0 195,243,413,326,0 138,191,218,334,0 217,185,387,232,0 381,126,415,214,0 292,104,377,158,0 333,62,415,110,0 329,1,415,51,0
20211028_082644_010_jpg.rf.ed2a749a75ad337c658c308835176f06.jpg 232,200,246,219,1 223,203,231,224,1 260,143,273,164,1 321,154,331,166,1 315,157,323,172,1 323,171,329,182,1 236,0,292,107,0 290,0,330,139,0 296,0,415,152,0 40,7,220,154,0
20211028_082644_012_jpg.rf.fc2c47a8520274078687ac74a6e10595.jpg 34,0,179,162,0 186,0,257,112,0 287,49,380,121,0 301,0,391,185,0 195,116,220,139,1 259,126,277,147,1 250,139,270,165,1 175,177,189,201,1 161,184,173,203,1